Wavelenght (lab), Exc. Potential, loggf, Lambda, Breite
5434.524, 1.011, -2.122, 5434.517, 0.16
5424.068, 4.32, 0.52, NaN, NaN
5383.369, 4.312, 0.645, 5383.369, 0.166
4903.31, 2.882, -0.926, 4903.289, 0.144
5415.199, 4.386, 0.642, 5415.199, 0.16
5569.618, 3.417, -0.486, 5569.612, 0.147
5049.82, 2.279, -1.355, 5049.804, 0.14
5339.929, 3.266, -0.647, 5339.92, 0.134
5006.119, 2.832, -0.638, NaN, NaN
5367.467, 4.415, 0.443, 5367.458, 0.13
6393.601, 2.433, -1.432, 6393.601, 0.122
5302.302, 3.283, -0.72, NaN, NaN
5497.516, 1.011, -2.849, 5497.5, 0.125
5302.298, 4.913, -3.328, NaN, NaN
6411.649, 3.654, -0.595, 6411.649, 0.129
5194.942, 1.557, -2.09, 6411.649, NaN
5364.871, 4.445, 0.228, 5364.861, 0.114
6252.555, 2.404, -1.687, 6252.557, 0.115
6246.319, 3.602, -0.733, 6246.315, 0.108
5445.042, 4.386, -0.02, 5445.031, 0.112
5576.089, 3.43, -1, 5576.08, 0.113
5501.465, 0.958, -3.047, 5501.461, 0.113
6430.846, 2.176, -2.006, 6430.842, 0.107
5217.389, 3.211, -1.07, 5217.376, 0.094
5215.181, 3.266, -0.871, NaN, NaN
5014.943, 3.943, -0.303, NaN, NaN
6336.824, 3.686, -0.856, 6336.826, 0.101
5083.339, 0.958, -2.958, NaN, NaN
4994.13, 0.915, -3.08, NaN, NaN
5198.711, 2.223, -2.135, 5198.703, 0.087
6335.331, 2.198, -2.177, 6335.331, 0.091
4924.77, 2.279, -2.241, NaN, NaN
4946.388, 3.368, -1.17, NaN, NaN
5250.646, 2.198, -2.181, NaN, NaN
6219.281, 2.198, -2.433, 6219.275, 0.086
5141.739, 2.424, -1.964, 5141.727, 0.071
5127.359, 0.915, -3.307, 5127.346, 0.085
5930.18, 4.652, -0.23, 5930.176, 0.075
6265.134, 2.176, -2.55, 6265.13, 0.086
5242.491, 3.634, -0.967, 5242.479, 0.072
5862.357, 4.549, -0.127, 5862.351, 0.083
6593.87, 2.433, -2.422, 6593.874, 0.066
5151.911, 1.011, -3.322, 5151.896, 0.096
6232.641, 3.654, -1.223, 6232.637, 0.082
6213.43, 2.223, -2.482, 6213.429, 0.08
5701.545, 2.559, -2.216, 5701.539, 0.071
5466.396, 4.371, -0.63, 5466.386, 0.069
5638.262, 4.22, -0.87, 5638.255, 0.067
5389.479, 4.415, -0.41, 5389.469, 0.074
6322.685, 2.588, -2.426, 6322.682, 0.073
5079.74, 0.99, -3.22, NaN, NaN
5934.655, 3.928, -1.17, 5934.649, 0.068
6750.153, 2.424, -2.621, 6750.154, 0.07
5253.462, 3.283, -1.573, 5253.45, 0.073
5662.516, 4.178, -0.573, 5662.509, 0.08
5044.211, 2.851, -2.038, 5044.199, 0.065
5473.9, 4.154, -0.76, 5473.889, 0.072
4950.106, 3.417, -1.67, 4950.101, 0.076
6569.216, 4.733, -0.42, 6569.214, 0.078
5753.123, 4.26, -0.688, 5753.107, 0.07
6200.313, 2.608, -2.437, 6200.312, 0.07
5398.279, 4.445, -0.67, 5398.27, 0.063
4969.918, 4.217, -0.71, NaN, NaN
5365.399, 3.573, -1.02, NaN, NaN
5109.652, 4.301, -0.98, 5109.632, 0.059
5859.586, 4.549, -0.419, 5859.586, 0.072
6173.336, 2.223, -2.88, 6173.331, 0.067
5197.577, 4.956, -2.078, NaN, NaN
5196.059, 4.256, -0.493, 5196.042, 0.053
5633.947, 4.991, -0.27, 5633.934, 0.063
6609.11, 2.559, -2.692, 6609.111, 0.061
5225.526, 0.11, -4.789, NaN, NaN
5983.68, 4.549, -1.468, 5983.672, 0.061
5883.817, 3.96, -1.36, 5883.847, 0.103
5373.709, 4.473, -0.86, 5373.697, 0.059
5379.574, 3.694, -1.514, 5379.563, 0.056
5543.936, 4.217, -1.14, 5543.93, 0.061
5717.833, 4.284, -1.13, 5717.818, 0.061
5131.469, 2.223, -2.515, NaN, NaN
6481.87, 2.279, -2.984, 6481.854, 0.069
5905.672, 4.652, -0.73, 5905.655, 0.051
5775.081, 4.22, -1.298, 5775.074, 0.053
6157.728, 4.076, -1.26, 6157.723, 0.06
5679.023, 4.652, -0.92, 5679.014, 0.052
5731.762, 4.256, -1.3, 5731.75, 0.05
5250.209, 0.121, -4.938, NaN, NaN
5243.777, 4.256, -1.15, 5243.764, 0.053
4802.88, 3.642, -1.514, 4802.866, 0.054
5288.525, 3.694, -1.508, 5288.515, 0.052
5247.05, 0.087, -4.946, 5247.038, 0.046
4985.253, 3.928, -0.56, NaN, NaN
5752.032, 4.549, -1.177, 5752.021, 0.054
5060.079, 0, -5.46, 5060.04, 0.071
5916.247, 2.453, -2.994, NaN, NaN
6380.743, 4.186, -1.376, 6380.741, 0.049
5956.694, 0.859, -4.605, 5956.704, 0.059
6518.367, 2.831, -2.46, 6518.363, 0.037
5525.544, 4.23, -1.084, 5525.536, 0.049
6151.618, 2.176, -3.299, 6151.614, 0.048
4962.572, 4.178, -1.182, 4962.558, 0.043
5560.212, 4.434, -1.19, 5560.204, 0.045
5618.633, 4.209, -1.276, 5618.622, 5618.622
4875.878, 3.332, -2.02, 4875.866, 0.051
5546.506, 4.371, -1.31, 5546.497, 5546.497
6270.225, 2.858, -2.464, 6270.224, 0.05
6187.99, 3.943, -1.72, 6187.985, 0.044
6496.467, 4.795, -0.57, 6496.457, 0.055
5228.377, 4.22, -1.29, NaN, NaN
6127.907, 4.143, -1.399, 6127.902, 0.047
6726.666, 4.607, -1.133, 6726.666, 0.046
4907.732, 3.43, -1.84, 4907.72, 0.054
6498.939, 0.958, -4.699, 6498.938, 0.038
6165.36, 4.143, -1.474, 6165.353, 0.041
6597.561, 4.795, -1.07, 6597.547, 0.033
5180.07, 4.473, -1.26, 5180.049, 0.043
5927.789, 4.652, -1.09, NaN, NaN
5522.447, 4.209, -1.55, 5522.431, 0.039
5145.094, 2.198, -2.876, NaN, NaN
6240.646, 2.223, -3.233, 6240.644, 0.044
6416.933, 4.796, -1.109, 6416.922, 0.041
5691.497, 4.301, -1.52, 5691.495, 0.04
4844.014, 3.546, -2.05, 4844.008, 0.031
5054.643, 3.64, -1.921, 5054.627, 0.034
6633.75, 4.558, -0.799, NaN, NaN
5705.465, 4.301, -1.355, 5705.448, 0.034
6703.567, 2.758, -3.16, 6703.565, 0.037
5538.516, 4.218, -3.244, 5538.504, 0.035
5538.515, 3.634, -5.097, 5538.505, 0.036
5929.677, 4.548, -1.41, 5929.666, 0.032
6533.929, 4.558, -1.46, 6533.979, 0.074
5653.867, 4.386, -1.64, 5653.854, 0.028
6752.707, 4.638, -1.204, 6752.708, 0.034
5417.033, 4.415, -1.68, 5417.025, 0.034
6315.811, 4.076, -1.71, 6315.811, 0.037
5466.988, 3.573, -2.233, NaN, NaN
5856.088, 4.294, -1.328, 5856.084, 0.031
5466.992, 3.654, -3.742, NaN, NaN
6330.85, 4.733, -1.74, 6330.847, 0.03
5386.334, 4.154, -1.77, 5386.32, 0.029
5464.28, 4.143, -1.402, 5464.27, 0.031
5619.595, 4.386, -1.7, 5619.59, 0.029
5741.848, 4.256, -1.854, 5741.841, 0.026
5635.823, 4.256, -1.89, 5635.812, 0.029
5441.339, 4.312, -1.73, 5441.329, 0.029
5293.959, 4.143, -1.87, 5293.958, 0.026
5295.312, 4.415, -1.69, 5295.296, 0.021
5285.129, 4.434, -1.64, 5285.127, 0.023
6226.736, 3.883, -2.22, 6226.729, 0.028
6574.228, 0.99, -5.023, 6574.221, 0.02
5487.145, 4.415, -1.53, NaN, NaN
6627.545, 4.548, -1.68, 6627.546, 0.028
6733.151, 4.638, -1.58, 6733.147, 0.025
5652.318, 4.26, -1.95, 5652.306, 0.025
5223.185, 3.635, -1.783, 5223.164, 0.025
5461.55, 4.445, -1.9, 5461.535, 0.023
5401.269, 4.32, -1.92, 5401.259, 0.023
4869.464, 3.546, -2.52, 4869.452, 0.023
5470.094, 4.446, -1.81, 5470.09, 0.028
6786.86, 4.191, -2.07, 6786.859, 0.026
5855.077, 4.608, -1.478, 5855.071, 0.021
5483.099, 4.154, -1.407, NaN, NaN
6271.279, 3.332, -2.703, 6271.283, 0.021
5778.453, 2.588, -3.43, NaN, NaN
5778.453, 4.154, -3.917, NaN, NaN
5494.463, 4.076, -2.09, 5494.452, 0.021
5760.345, 3.642, -2.49, 5760.325, 0.019
6311.5, 2.831, -3.141, 6311.492, 0.025
6713.745, 4.795, -1.6, 6713.741, 0.016
4808.148, 3.251, -2.79, 4808.134, 0.026
5661.346, 4.284, -1.736, 5661.364, 0.009
6581.21, 1.485, -4.679, NaN, NaN
5395.218, 4.445, -2.17, 5395.21, 0.012
5651.469, 4.473, -2, 5651.459, 0.017
6608.026, 2.279, -4.03, 6608.024, 0.016
6725.357, 4.103, -2.3, 6725.358, 0.017
5881.28, 4.607, -1.84, NaN, NaN
6392.539, 2.279, -4.03, 6392.538, 0.014
4877.606, 2.998, -3.15, 4877.587, 0.014
5539.28, 3.642, -2.66, 5539.266, 0.015
5636.696, 3.64, -2.61, 5636.684, 0.005
6625.022, 1.011, -5.35, 6625.002, 0.015
5294.548, 3.64, -2.86, 5294.553, 0.011
5902.474, 4.593, -1.81, NaN, NaN
5732.296, 4.991, -1.56, 5732.292, 0.007
6220.784, 3.881, -2.46, 6220.77, 0.011
6556.787, 4.796, -1.628, NaN, NaN
5696.09, 4.548, -1.72, 5696.032, 0.019
5784.658, 3.396, -2.532, NaN, NaN
5858.778, 4.22, -2.26, 5858.782, 0.01
5412.786, 4.434, -1.716, NaN, NaN
6159.378, 4.607, -1.97, 6159.366, 0.01
5491.832, 4.186, -2.188, 5491.817, 0.01
6739.522, 1.557, -4.794, 6739.501, 0.009
6436.407, 4.186, -2.46, 6436.407, 0.009
6591.313, 4.593, -2.07, 6591.296, 0.011
5058.498, 3.642, -2.83, NaN, NaN
5742.96, 4.178, -2.51, 5742.966, 0.008
5680.24, 4.186, -2.58, 5680.227, 0.006
5861.11, 4.283, -2.45, 5861.101, 0.006
5611.36, 3.635, -2.99, 5611.339, 0.007
5849.684, 3.694, -2.99, 5849.679, 0.005
6793.256, 4.584, -4.275, 6793.249, 0.006
5677.685, 4.103, -2.7, 5677.68, 0.003
5853.148, 1.485, -5.28, 5853.134, 0.005
5552.694, 4.955, -1.99, 5552.677, 0.007
