Buf/Write profile
=================
Data source: C:\users\taco\My Documents\fp1\07_Massenspektroskopie\data\Ex3.1.h5
Segment: 1 of 1
Number of profiles (masses): 5
Profile length: 374 points (374.99 s)

index	time (s)	nominal2 mass 42	nominal2 mass 45	nominal2 mass 59	nominal2 mass 61	nominal2 mass 154
0	0	0.000599201	0.00126498	0.000798935	0.000332889	6.65779e-05
1	1.0045	0.000565912	0.000765646	0.000299601	0.000332889	0.000332889
2	2.00974	0.000565912	0.000998668	0.000565912	0.000399467	0.000199734
3	3.01475	0.00063249	0.000898802	0.000499334	0.000366178	9.98668e-05
4	4.01852	0.000399467	0.000898802	0.000565912	0.000532623	0.000133156
5	5.02306	0.000399467	0.00103196	0.000699068	0.000133156	9.98668e-05
6	6.02773	0.000798935	0.000865513	0.00063249	0.000133156	0.000133156
7	7.0335	0.000898802	0.00113182	0.000499334	0.000133156	6.65779e-05
8	8.0372	0.000432756	0.000932091	0.000565912	0.000332889	0.000166445
9	9.04167	0.000532623	0.000565912	0.00063249	0.000166445	0.000266312
10	10.0458	0.00109854	0.00109854	0.000399467	0.000266312	0.000133156
11	11.0517	0.000532623	0.00123169	0.00063249	0.000199734	0.000133156
12	12.0589	0.000399467	0.00106525	0.000332889	0.000299601	0.000266312
13	13.0635	0.000599201	0.000865513	0.000466045	0.000399467	0.000199734
14	14.0688	0.000699068	0.00109854	0.000499334	0.000299601	0.000199734
15	15.0745	0.000665779	0.000865513	0.000599201	0.000399467	9.98668e-05
16	16.0803	0.000432756	0.00116511	0.000499334	0.000233023	0.000233023
17	17.0848	0.000565912	0.00113182	0.000432756	0.000432756	0.000332889
18	18.09	0.000565912	0.000865513	0.000532623	0.000466045	9.98668e-05
19	19.096	0.000665779	0.00126498	0.000399467	0.000332889	0.000233023
20	20.1001	0.000732357	0.00123169	0.000366178	0.000233023	6.65779e-05
21	21.1046	0.000599201	0.00116511	0.00063249	0.000332889	0.000133156
22	22.1101	0.000665779	0.00103196	0.000565912	0.000166445	9.98668e-05
23	23.1138	0.000532623	0.00116511	0.000565912	0.000432756	0.000166445
24	24.1195	0.000299601	0.00113182	0.000466045	0.000233023	0.000166445
25	25.1237	0.000532623	0.000965379	0.000732357	0.000266312	0.000133156
26	26.1277	0.000665779	0.00109854	0.000832224	0.000299601	0.000166445
27	27.1324	0.000832224	0.00129827	0.000565912	0.000233023	0.000166445
28	28.1365	0.000565912	0.00113182	0.000432756	0.000532623	6.65779e-05
29	29.1405	0.000665779	0.000865513	0.000699068	0.000166445	0.000166445
30	30.1484	0.000665779	0.00103196	0.000466045	0.000266312	0.000133156
31	31.1522	0.000865513	0.00109854	0.000466045	0.000299601	0.000133156
32	32.1579	0.000599201	0.00103196	0.000932091	0.000366178	9.98668e-05
33	33.1606	0.000665779	0.00113182	0.000499334	0.000166445	0.000133156
34	34.1658	0.000665779	0.00109854	0.00063249	0.000399467	3.32889e-05
35	35.1698	0.000732357	0.000932091	0.000366178	0.000366178	9.98668e-05
36	36.176	0.000699068	0.00116511	0.000599201	0.000266312	9.98668e-05
37	37.1806	0.000532623	0.00129827	0.000432756	0.000166445	0.000199734
38	38.1864	0.000332889	0.000932091	0.000499334	0.000332889	0.000166445
39	39.1932	0.000798935	0.000998668	0.000399467	0.000199734	6.65779e-05
40	40.1969	0.000532623	0.000998668	0.000565912	0.000199734	0.000166445
41	41.2024	0.000565912	0.00106525	0.000532623	0.000266312	9.98668e-05
42	42.2072	0.000798935	0.00133156	0.000599201	0.000133156	0.000266312
43	43.2128	0.00063249	0.000998668	0.000432756	0.000299601	3.32889e-05
44	44.2189	0.000565912	0.00109854	0.000532623	0.000133156	9.98668e-05
45	45.225	0.00063249	0.000965379	0.000565912	0.000399467	0.000133156
46	46.2303	0.000665779	0.000765646	0.000532623	0.000466045	0.000133156
47	47.236	0.000699068	0.00106525	0.000599201	3.32889e-05	0.000299601
48	48.24	0.000299601	0.000998668	0.000466045	0.000266312	0.000199734
49	49.2441	0.000565912	0.000998668	0.00063249	0.000166445	9.98668e-05
50	50.2496	0.000565912	0.000965379	0.000166445	0.000332889	0.000199734
51	51.2545	0.00063249	0.00109854	0.000466045	0.000199734	0.000133156
52	52.2619	0.000699068	0.00123169	0.000432756	0.000299601	6.65779e-05
53	53.2679	0.000466045	0.00123169	0.000565912	9.98668e-05	0.000166445
54	54.2721	0.000665779	0.00103196	0.000499334	0.000332889	0
55	55.2775	0.000699068	0.00113182	0.000532623	0.000233023	3.32889e-05
56	56.2819	0.000865513	0.00146471	0.000665779	0.000199734	0.000233023
57	57.2867	0.000499334	0.00146471	0.00063249	0.000233023	9.98668e-05
58	58.2923	0.000665779	0.00126498	0.000466045	0.000299601	6.65779e-05
59	59.2989	0.000532623	0.00113182	0.000332889	0.000266312	0.000199734
60	60.3032	0.000665779	0.000965379	0.000565912	0.000266312	0
61	61.3095	0.00063249	0.00143142	0.000732357	0.000133156	0
62	62.3138	0.000499334	0.00109854	0.000732357	0.000366178	6.65779e-05
63	63.3195	0.000565912	0.00133156	0.000565912	0.000332889	0.000166445
64	64.3245	0.000765646	0.00139814	0.000499334	0.000133156	3.32889e-05
65	65.3321	0.000798935	0.00113182	0.000599201	0.000299601	0.000133156
66	66.3361	0.000732357	0.00116511	0.000299601	0.000299601	0.000166445
67	67.3391	0.000565912	0.00133156	0.000466045	0.000399467	0.000133156
68	68.3445	0.000599201	0.00153129	0.000466045	0.000332889	3.32889e-05
69	69.351	0.000565912	0.000832224	0.000732357	0.000233023	0.000133156
70	70.3564	0.000765646	0.00113182	0.00063249	0.000366178	0.000166445
71	71.3621	0.000599201	0.00116511	0.000499334	0.000166445	0.000166445
72	72.37	0.000499334	0.00139814	0.000699068	0.000266312	0.000133156
73	73.3763	0.000932091	0.00106525	0.000665779	0.000266312	9.98668e-05
74	74.3819	0.000665779	0.00139814	0.000432756	0.000133156	0.000266312
75	75.3856	0.000499334	0.000932091	0.000765646	0.000399467	6.65779e-05
76	76.389	0.000732357	0.00143142	0.000699068	0.000233023	0.000199734
77	77.3942	0.000832224	0.00123169	0.000798935	0.000199734	0.000199734
78	78.4	0.000499334	0.00133156	0.000233023	0.000299601	0.000166445
79	79.4042	0.00063249	0.00106525	0.000665779	0.000499334	6.65779e-05
80	80.4071	0.000499334	0.001498	0.000466045	0.000332889	6.65779e-05
81	81.4107	0.000798935	0.001498	0.000332889	0.000332889	0.000166445
82	82.4152	0.000832224	0.00133156	0.000399467	0.000199734	0.000166445
83	83.4207	0.000832224	0.00133156	0.000699068	0.000233023	9.98668e-05
84	84.4245	0.000932091	0.00136485	0.000299601	0.000332889	9.98668e-05
85	85.4287	0.000399467	0.000932091	0.000798935	0.000366178	9.98668e-05
86	86.4339	0.000832224	0.00113182	0.000399467	0.000366178	0.000166445
87	87.4398	0.00063249	0.000932091	0.000299601	0.000233023	0.000233023
88	88.446	0.000466045	0.00169774	0.000565912	0.000266312	3.32889e-05
89	89.4506	0.000665779	0.000998668	0.000399467	0.000399467	9.98668e-05
90	90.4578	0.000765646	0.00106525	0.000499334	0.000133156	0.000199734
91	91.4612	0.00063249	0.00116511	0.000332889	0.000332889	0.000133156
92	92.4692	0.000366178	0.00063249	0.000466045	0.000133156	9.98668e-05
93	93.4742	0.000599201	0.00126498	0.000532623	0.000199734	0.000199734
94	94.4776	0.000665779	0.00133156	0.000399467	0.000299601	0.000166445
95	95.4839	0.00063249	0.00116511	0.000665779	0.000199734	0.000199734
96	96.4904	0.000466045	0.00156458	0.000399467	0.000133156	9.98668e-05
97	97.496	0.00063249	0.00139814	0.00063249	0.000133156	6.65779e-05
98	98.5014	0.000266312	0.00133156	0.00063249	0.000332889	0.000133156
99	99.5064	0.000798935	0.000865513	0.000532623	0.000166445	0.000166445
100	100.511	0.000832224	0.00146471	0.000332889	0.000366178	0.000166445
101	101.516	0.000932091	0.00113182	0.000399467	6.65779e-05	0.000133156
102	102.521	0.000565912	0.00123169	0.000332889	0.000332889	6.65779e-05
103	103.526	0.00063249	0.00103196	0.000466045	0.000299601	0.000133156
104	104.535	0.00063249	0.00139814	0.000599201	0.000366178	9.98668e-05
105	105.54	0.000699068	0.00109854	0.00063249	0.000233023	6.65779e-05
106	106.546	0.00063249	0.00136485	0.000699068	0.000299601	0.000166445
107	107.549	0.000532623	0.00136485	0.000732357	6.65779e-05	0.000233023
108	108.555	0.000599201	0.00113182	0.000532623	0.000332889	3.32889e-05
109	109.56	0.00063249	0.00116511	0.000332889	0.000432756	6.65779e-05
110	110.567	0.000798935	0.00126498	0.000432756	0.000266312	0.000233023
111	111.573	0.000599201	0.00163116	0.000332889	0.000266312	0.000199734
112	112.579	0.000599201	0.000965379	0.000399467	0.000233023	0.000233023
113	113.586	0.000565912	0.00106525	0.000466045	0.000233023	6.65779e-05
114	114.592	0.000699068	0.00129827	0.000665779	0.000399467	0.000233023
115	115.598	0.000599201	0.00123169	0.000499334	0.000166445	0.000133156
116	116.603	0.000765646	0.00133156	0.000466045	0.000366178	0.000133156
117	117.608	0.000898802	0.000965379	0.000565912	0.000266312	0.000166445
118	118.615	0.000565912	0.00139814	0.000466045	0.000166445	0.000233023
119	119.62	0.000699068	0.00143142	0.000599201	0.000133156	6.65779e-05
120	120.625	0.000399467	0.000765646	0.000466045	0.000332889	0.000166445
121	121.631	0.00063249	0.00116511	0.000665779	0.000266312	0.000133156
122	122.636	0.000832224	0.000965379	0.000832224	0.000166445	9.98668e-05
123	123.641	0.00063249	0.000898802	0.000299601	0.000266312	0.000233023
124	124.647	0.000665779	0.000932091	0.000665779	0.000266312	0.000199734
125	125.652	0.000665779	0.00146471	0.000765646	0.000199734	0.000233023
126	126.657	0.000832224	0.00129827	0.000499334	0.000266312	0.000199734
127	127.663	0.000499334	0.00116511	0.000299601	0.000266312	0.000266312
128	128.669	0.000699068	0.00109854	0.000432756	0.000299601	9.98668e-05
129	129.673	0.000798935	0.00146471	0.000332889	0.000299601	3.32889e-05
130	130.677	0.000898802	0.00136485	0.000366178	0.000332889	0.000166445
131	131.682	0.000599201	0.00113182	0.000565912	0.000332889	9.98668e-05
132	132.688	0.000432756	0.00139814	0.000432756	0.000233023	0.000133156
133	133.694	0.000599201	0.000798935	0.000466045	0.000399467	0.000166445
134	134.699	0.000665779	0.00133156	0.000765646	0.000399467	0.000266312
135	135.705	0.000765646	0.00156458	0.000399467	0.000299601	0.000166445
136	136.709	0.000732357	0.00116511	0.000466045	0.000166445	0.000199734
137	137.714	0.000865513	0.00136485	0.000565912	0.000266312	0.000166445
138	138.72	0.000865513	0.001498	0.000765646	0.000366178	6.65779e-05
139	139.724	0.000599201	0.00159787	0.000432756	0.000233023	9.98668e-05
140	140.73	0.000732357	0.00113182	0.000399467	0.000366178	0.000166445
141	141.734	0.000932091	0.00109854	0.000499334	0.000399467	3.32889e-05
142	142.741	0.00063249	0.00123169	0.000599201	0.000432756	0.000133156
143	143.744	0.000599201	0.00123169	0.000599201	9.98668e-05	9.98668e-05
144	144.75	0.000466045	0.00143142	0.000699068	0.000266312	0.000233023
145	145.753	0.00063249	0.00116511	0.000665779	0.000366178	0.000166445
146	146.759	0.000732357	0.00103196	0.000399467	0.000166445	0.000199734
147	147.764	0.000565912	0.00129827	0.000732357	0.000399467	0.000133156
148	148.771	0.000699068	0.00146471	0.000732357	0.000332889	0.000133156
149	149.776	0.000765646	0.00133156	0.000798935	0.000499334	0.000233023
150	150.781	0.000599201	0.00113182	0.000499334	0.000366178	0.000133156
151	151.786	0.000765646	0.000932091	0.000399467	0.000366178	0.000133156
152	152.791	0.000665779	0.00133156	0.000499334	0.000332889	9.98668e-05
153	153.799	0.000532623	0.000932091	0.000432756	0.000233023	0.000299601
154	154.804	0.000466045	0.00103196	0.00063249	0.000199734	0.000166445
155	155.809	0.000865513	0.00133156	0.000532623	0.000399467	0.000199734
156	156.815	0.000599201	0.00109854	0.000699068	0.000233023	9.98668e-05
157	157.82	0.000798935	0.00139814	0.000599201	0.000266312	0.000233023
158	158.826	0.000532623	0.00143142	0.000832224	0.000466045	9.98668e-05
159	159.83	0.000798935	0.00113182	0.000499334	0.000532623	0.000133156
160	160.837	0.000699068	0.001498	0.000499334	0.000299601	0.000133156
161	161.842	0.000532623	0.00153129	0.000565912	0.000299601	3.32889e-05
162	162.849	0.000699068	0.00133156	0.000565912	0.000133156	0.000199734
163	163.854	0.000932091	0.00129827	0.000599201	0.000199734	0.000199734
164	164.859	0.000665779	0.00116511	0.000532623	0.000266312	0.000199734
165	165.865	0.000998668	0.00139814	0.000732357	9.98668e-05	0.000166445
166	166.87	0.000466045	0.00129827	0.00063249	0.000233023	0.000166445
167	167.877	0.000466045	0.00116511	0.000665779	0.000366178	0.000199734
168	168.881	0.000565912	0.00116511	0.000665779	0.000199734	9.98668e-05
169	169.886	0.000499334	0.0017976	0.000732357	0.000399467	6.65779e-05
170	170.892	0.000432756	0.00126498	0.000732357	0.000399467	3.32889e-05
171	171.898	0.000532623	0.00129827	0.000565912	0.000366178	0.000299601
172	172.902	0.000765646	0.0011984	0.000699068	0.000233023	0.000133156
173	173.908	0.000699068	0.00129827	0.000699068	0.000166445	0.000166445
174	174.913	0.000599201	0.00103196	0.000765646	0.000299601	9.98668e-05
175	175.917	0.000499334	0.000965379	0.00063249	0.000266312	6.65779e-05
176	176.92	0.000366178	0.00139814	0.000865513	0.000399467	9.98668e-05
177	177.925	0.000832224	0.0011984	0.000499334	0.000366178	0.000166445
178	178.929	0.000565912	0.00109854	0.000599201	0.000233023	9.98668e-05
179	179.934	0.000599201	0.00113182	0.000332889	0.000399467	0.000366178
180	180.938	0.000499334	0.00136485	0.000599201	0.000299601	9.98668e-05
181	181.945	0.000765646	0.00156458	0.000499334	0.000399467	0.000133156
182	182.949	0.000865513	0.00133156	0.00063249	0.000366178	0.000299601
183	183.954	0.000699068	0.00126498	0.000665779	0.000366178	0.000233023
184	184.957	0.000565912	0.00153129	0.00063249	0.000366178	0.000133156
185	185.963	0.000998668	0.00136485	0.000798935	0.000233023	0.000199734
186	186.967	0.000565912	0.00133156	0.000765646	9.98668e-05	6.65779e-05
187	187.973	0.000732357	0.0011984	0.000599201	0.000332889	0.000233023
188	188.978	0.000599201	0.000965379	0.000665779	0.000499334	0.000199734
189	189.984	0.000798935	0.00169774	0.000499334	0.000233023	0.000166445
190	190.988	0.000932091	0.00103196	0.000532623	0.000332889	3.32889e-05
191	191.993	0.000932091	0.0011984	0.000732357	0.000332889	0.000166445
192	192.998	0.000466045	0.00123169	0.000366178	0.000499334	0.000233023
193	194.003	0.000532623	0.00123169	0.000499334	0.000366178	0.000199734
194	195.008	0.000665779	0.00123169	0.000732357	0.000166445	9.98668e-05
195	196.014	0.000898802	0.00136485	0.000565912	0.000266312	3.32889e-05
196	197.018	0.000765646	0.00143142	0.000565912	0.000366178	0.000166445
197	198.022	0.000832224	0.00123169	0.000565912	0.000399467	9.98668e-05
198	199.027	0.000832224	0.00126498	0.000732357	0.000399467	6.65779e-05
199	200.032	0.000266312	0.00109854	0.000466045	0.000266312	0.000199734
200	201.036	0.000699068	0.00116511	0.000599201	0.00063249	0.000266312
201	202.042	0.000765646	0.000932091	0.000332889	0.000233023	0.000166445
202	203.049	0.000599201	0.000932091	0.00063249	0.000332889	9.98668e-05
203	204.055	0.000798935	0.000932091	0.000499334	0.000299601	0.000166445
204	205.06	0.000699068	0.00143142	0.000466045	0.000399467	6.65779e-05
205	206.065	0.000699068	0.00156458	0.000599201	0.000266312	0.000133156
206	207.073	0.000432756	0.00136485	0.000366178	0.000299601	0.000199734
207	208.078	0.000998668	0.000865513	0.000299601	0.000299601	9.98668e-05
208	209.083	0.000699068	0.00153129	0.00063249	0.000299601	0.000133156
209	210.09	0.000865513	0.00136485	0.000765646	0.000166445	0.000133156
210	211.096	0.000532623	0.00116511	0.000399467	0.000332889	0.000233023
211	212.1	0.000665779	0.00103196	0.000699068	0.000399467	0.000133156
212	213.105	0.00063249	0.0011984	0.000466045	0.000166445	0.000133156
213	214.11	0.000732357	0.00143142	0.000599201	0.000233023	0.000299601
214	215.115	0.000765646	0.00123169	0.000499334	0.000199734	0.000233023
215	216.118	0.000865513	0.00139814	0.000565912	0.000366178	9.98668e-05
216	217.123	0.000832224	0.00146471	0.000499334	0.000266312	6.65779e-05
217	218.129	0.000732357	0.00133156	0.000466045	0.000266312	0.000166445
218	219.134	0.00063249	0.00163116	0.000565912	0.000299601	0.000199734
219	220.141	0.000565912	0.00133156	0.000832224	0.000266312	0.000133156
220	221.145	0.000532623	0.00109854	0.000832224	0.000332889	0.000133156
221	222.15	0.00063249	0.0011984	0.000532623	0.000366178	9.98668e-05
222	223.155	0.00106525	0.00103196	0.000466045	0.000299601	0.000166445
223	224.16	0.000898802	0.00109854	0.000665779	0.000199734	9.98668e-05
224	225.165	0.000565912	0.00146471	0.000565912	0.000366178	0.000199734
225	226.169	0.000499334	0.00116511	0.000865513	0.000166445	0.000166445
226	227.175	0.000732357	0.00109854	0.000399467	0.000233023	0.000199734
227	228.179	0.000699068	0.0011984	0.000466045	0.000233023	9.98668e-05
228	229.186	0.00063249	0.00139814	0.000466045	0.000332889	0.000133156
229	230.191	0.00063249	0.00116511	0.00063249	0.000199734	0.000166445
230	231.197	0.000765646	0.00126498	0.00063249	0.000299601	0.000166445
231	232.202	0.000865513	0.00116511	0.000599201	0.000366178	0.000133156
232	233.207	0.00063249	0.00109854	0.000499334	0.000266312	0.000199734
233	234.215	0.000532623	0.00103196	0.000765646	0.000199734	6.65779e-05
234	235.221	0.000765646	0.00139814	0.000665779	0.000599201	6.65779e-05
235	236.226	0.000865513	0.0011984	0.00063249	0.000233023	6.65779e-05
236	237.231	0.000765646	0.0011984	0.000599201	0.000166445	9.98668e-05
237	238.237	0.000832224	0.00143142	0.000332889	0.000199734	6.65779e-05
238	239.242	0.000665779	0.00163116	0.000532623	0.000432756	0.000133156
239	240.247	0.000665779	0.00146471	0.000665779	0.000332889	0.000166445
240	241.251	0.000732357	0.00113182	0.000765646	0.000233023	6.65779e-05
241	242.256	0.000832224	0.00153129	0.000532623	0.000532623	3.32889e-05
242	243.263	0.000532623	0.00126498	0.000432756	0.000366178	0.000133156
243	244.27	0.000499334	0.0011984	0.000732357	0.000266312	0.000133156
244	245.275	0.000599201	0.00163116	0.000499334	0.000332889	6.65779e-05
245	246.28	0.000699068	0.00153129	0.000699068	0.000266312	6.65779e-05
246	247.284	0.000532623	0.0011984	0.000798935	0.000399467	0.000233023
247	248.29	0.000599201	0.000998668	0.000466045	0.000466045	9.98668e-05
248	249.294	0.000699068	0.000832224	0.000599201	0.000266312	0.000133156
249	250.299	0.000732357	0.00156458	0.000399467	0.000332889	0.000199734
250	251.303	0.000732357	0.00113182	0.000765646	0.000299601	0.000133156
251	252.309	0.000665779	0.00136485	0.000865513	0.000499334	0.000166445
252	253.315	0.000665779	0.00113182	0.000732357	0.000266312	0.000166445
253	254.32	0.000665779	0.00133156	0.000898802	0.000332889	0.000133156
254	255.325	0.000798935	0.00143142	0.000565912	0.000466045	9.98668e-05
255	256.33	0.000332889	0.00139814	0.000532623	0.000299601	3.32889e-05
256	257.337	0.000532623	0.00153129	0.000599201	0.000432756	9.98668e-05
257	258.34	0.000765646	0.00133156	0.000499334	0.000266312	9.98668e-05
258	259.348	0.000332889	0.00106525	0.00063249	0.000266312	6.65779e-05
259	260.352	0.00063249	0.0017976	0.000332889	0.000199734	0.000233023
260	261.358	0.000432756	0.0017976	0.000466045	0.000299601	9.98668e-05
261	262.363	0.00063249	0.00123169	0.000532623	0.000332889	0.000133156
262	263.368	0.000765646	0.00153129	0.000499334	0.000199734	6.65779e-05
263	264.374	0.000665779	0.00106525	0.000565912	0.000266312	9.98668e-05
264	265.378	0.000565912	0.00133156	0.000798935	0.000332889	0.000199734
265	266.384	0.000665779	0.00136485	0.000965379	0.000399467	0.000133156
266	267.389	0.000798935	0.00116511	0.000898802	0.000266312	6.65779e-05
267	268.395	0.000732357	0.00136485	0.000699068	0.000233023	6.65779e-05
268	269.403	0.000898802	0.00143142	0.000399467	0.000432756	0.000166445
269	270.409	0.000932091	0.00133156	0.000432756	0.000332889	0.000166445
270	271.413	0.000732357	0.00129827	0.000499334	0.000366178	0.000199734
271	272.418	0.000366178	0.001498	0.000532623	0.000199734	0.000133156
272	273.424	0.000565912	0.0011984	0.000599201	0.000166445	6.65779e-05
273	274.43	0.000732357	0.00156458	0.000532623	0.000266312	0.000133156
274	275.436	0.000765646	0.00129827	0.000565912	0.000532623	0.000166445
275	276.442	0.000565912	0.001498	0.000366178	0.000299601	0.000166445
276	277.447	0.000399467	0.00139814	0.000532623	0.000332889	6.65779e-05
277	278.454	0.000432756	0.00139814	0.000665779	0.000299601	3.32889e-05
278	279.461	0.000765646	0.00106525	0.000532623	0.000266312	9.98668e-05
279	280.468	0.000665779	0.00136485	0.000532623	0.000332889	9.98668e-05
280	281.474	0.000765646	0.00103196	0.000732357	0.000233023	9.98668e-05
281	282.48	0.000665779	0.00136485	0.000466045	0.000266312	0.000233023
282	283.483	0.000499334	0.00166445	0.000699068	0.000266312	0.000133156
283	284.488	0.000832224	0.00146471	0.000732357	0.000299601	0.000266312
284	285.494	0.000599201	0.00159787	0.000532623	0.000266312	0.000233023
285	286.499	0.000665779	0.00163116	0.00063249	0.000332889	0.000233023
286	287.505	0.000432756	0.00163116	0.000699068	0.000199734	0.000233023
287	288.511	0.000665779	0.00136485	0.000499334	0.000399467	0.000133156
288	289.514	0.000932091	0.00163116	0.00063249	0.000399467	0.000133156
289	290.52	0.000765646	0.000932091	0.000399467	0.000432756	6.65779e-05
290	291.528	0.000699068	0.00126498	0.000366178	0.000366178	0.000233023
291	292.536	0.000565912	0.00109854	0.000832224	0.000332889	0.000233023
292	293.54	0.000798935	0.001498	0.000366178	0.000532623	0.000166445
293	294.543	0.000699068	0.0017976	0.000665779	0.000166445	0.000199734
294	295.549	0.000665779	0.00129827	0.000532623	0.000399467	0.000166445
295	296.554	0.000665779	0.00129827	0.000732357	0.000199734	6.65779e-05
296	297.558	0.000765646	0.00203063	0.000665779	0.000466045	0.000199734
297	298.564	0.000765646	0.00139814	0.000432756	0.000432756	9.98668e-05
298	299.569	0.000832224	0.00136485	0.000665779	0.000366178	0.000199734
299	300.575	0.000798935	0.00109854	0.000499334	0.000432756	0.000199734
300	301.58	0.000898802	0.000998668	0.000565912	0.000233023	9.98668e-05
301	302.586	0.000565912	0.0011984	0.000366178	0.000366178	3.32889e-05
302	303.591	0.000565912	0.00133156	0.000532623	0.000532623	0.000166445
303	304.597	0.000699068	0.00146471	0.000798935	0.000332889	0.000133156
304	305.602	0.000665779	0.00126498	0.00063249	0.000299601	0.000133156
305	306.606	0.000898802	0.00126498	0.00063249	0.000299601	0.000266312
306	307.611	0.000898802	0.0011984	0.000565912	0.000366178	6.65779e-05
307	308.617	0.000898802	0.00129827	0.000765646	0.000466045	9.98668e-05
308	309.624	0.000932091	0.00136485	0.000532623	0.000399467	0.000266312
309	310.628	0.000466045	0.00129827	0.000665779	0.000166445	0.000266312
310	311.632	0.000832224	0.00139814	0.000366178	0.000466045	0.000266312
311	312.636	0.000532623	0.00126498	0.000599201	0.000299601	0.000133156
312	313.641	0.000599201	0.00123169	0.000599201	0.000166445	0.000166445
313	314.647	0.000599201	0.00126498	0.000466045	0.000399467	0.000266312
314	315.653	0.000832224	0.00166445	0.000599201	0.000332889	0.000133156
315	316.66	0.000699068	0.00153129	0.000366178	0.000299601	0.000133156
316	317.666	0.000599201	0.00146471	0.000965379	0.000266312	0.000266312
317	318.673	0.000665779	0.00153129	0.000798935	0.000366178	0.000199734
318	319.68	0.000865513	0.001498	0.000466045	0.000299601	0.000133156
319	320.686	0.000565912	0.00126498	0.000432756	0.000399467	6.65779e-05
320	321.693	0.000466045	0.001498	0.000898802	0.000432756	0.000199734
321	322.697	0.000699068	0.00123169	0.000532623	0.000166445	9.98668e-05
322	323.702	0.000532623	0.00146471	0.000699068	0.000332889	0.000133156
323	324.709	0.000565912	0.00139814	0.000599201	0.000299601	0.000199734
324	325.716	0.00063249	0.00183089	0.00063249	0.000332889	9.98668e-05
325	326.72	0.000699068	0.00139814	0.000665779	0.000133156	9.98668e-05
326	327.726	0.000865513	0.00136485	0.000565912	0.000266312	0.000199734
327	328.731	0.000699068	0.00143142	0.000665779	0.000366178	3.32889e-05
328	329.736	0.000699068	0.00136485	0.00063249	0.000432756	0
329	330.741	0.000699068	0.00159787	0.000599201	0.000299601	0.000166445
330	331.746	0.000798935	0.00126498	0.000665779	0.000233023	0.000199734
331	332.751	0.000466045	0.00136485	0.000798935	0.000233023	0.000233023
332	333.757	0.000565912	0.00153129	0.000432756	0.000299601	0.000133156
333	334.763	0.000732357	0.0011984	0.00063249	0.000233023	0.000199734
334	335.769	0.000565912	0.00126498	0.000499334	0.000466045	0.000133156
335	336.773	0.000765646	0.0017976	0.000599201	0.000299601	0.000166445
336	337.779	0.00106525	0.001498	0.000798935	0.000233023	9.98668e-05
337	338.782	0.000466045	0.00146471	0.000532623	0.000299601	0.000166445
338	339.788	0.000565912	0.00116511	0.000499334	0.000366178	0.000133156
339	340.793	0.000699068	0.00163116	0.000599201	0.000266312	0.000199734
340	341.8	0.000798935	0.00113182	0.00063249	0.000233023	0.000233023
341	342.804	0.00063249	0.00139814	0.000565912	0.000332889	9.98668e-05
342	343.809	0.000965379	0.00156458	0.000532623	0.000399467	0.000166445
343	344.815	0.000898802	0.00143142	0.000832224	0.000399467	0.000133156
344	345.822	0.000998668	0.00116511	0.000499334	0.000399467	0.000266312
345	346.827	0.000732357	0.00126498	0.000665779	0.000332889	0.000266312
346	347.832	0.000998668	0.00159787	0.000732357	0.000233023	0.000166445
347	348.836	0.000699068	0.00159787	0.000432756	0.000366178	0.000199734
348	349.842	0.000965379	0.00143142	0.000765646	0.000466045	6.65779e-05
349	350.849	0.000865513	0.00163116	0.000499334	0.000366178	0.000233023
350	351.853	0.000699068	0.00139814	0.000798935	0.000266312	9.98668e-05
351	352.859	0.000565912	0.00159787	0.000366178	0.000499334	9.98668e-05
352	353.864	0.000665779	0.00159787	0.000765646	0.000432756	9.98668e-05
353	354.87	0.000732357	0.00103196	0.000665779	0.000266312	0.000266312
354	355.876	0.000832224	0.00156458	0.000599201	0.000466045	0.000199734
355	356.884	0.000732357	0.00129827	0.000932091	0.000199734	0.000199734
356	357.887	0.000732357	0.00153129	0.000599201	0.000366178	0.000332889
357	358.892	0.000798935	0.00199734	0.000466045	0.000466045	9.98668e-05
358	359.898	0.000798935	0.00133156	0.00063249	0.000399467	3.32889e-05
359	360.903	0.000299601	0.00103196	0.000665779	0.000532623	0.000199734
360	361.912	0.000798935	0.00133156	0.000665779	0.000466045	0.000233023
361	362.919	0.000732357	0.00146471	0.000532623	0.000399467	0.000133156
362	363.924	0.000466045	0.00163116	0.000499334	0.000266312	9.98668e-05
363	364.929	0.000765646	0.00166445	0.00063249	0.000266312	0.000166445
364	365.934	0.000532623	0.001498	0.000466045	0.000399467	6.65779e-05
365	366.941	0.000898802	0.00143142	0.000699068	0.000332889	9.98668e-05
366	367.946	0.000665779	0.00166445	0.000765646	0.000399467	0.000133156
367	368.952	0.000765646	0.00139814	0.000699068	0.000432756	0.000233023
368	369.958	0.000665779	0.00116511	0.000565912	0.000233023	9.98668e-05
369	370.968	0.00063249	0.00133156	0.000532623	0.000332889	0.000266312
370	371.974	0.000599201	0.00136485	0.000665779	0.000366178	9.98668e-05
371	372.979	0.000432756	0.00156458	0.000699068	0.000233023	3.32889e-05
372	373.983	0.000699068	0.00156458	0.000599201	0.000299601	0.000332889
373	374.99	0.000199734	0.001498	0.000599201	0.000399467	0.000166445
