Buf/Write profile
=================
Data source: C:\users\taco\My Documents\fp1\07_Massenspektroskopie\data\Ex3.1.h5
Segment: 1 of 1
Number of profiles (masses): 5
Profile length: 374 points (374.99 s)

index	time (s)	nominal2 mass 29	nominal2 mass 30	nominal2 mass 33	nominal2 mass 63	nominal2 mass 112
0	0	0.00163591	0.000430378	0.000693717	3.98278e-05	-0.000104028
1	1.0045	0.00180236	0.000164066	0.000227672	0.000172984	2.91278e-05
2	2.00974	0.00126973	0.000130777	0.000127805	0.000139695	-0.000104028
3	3.01475	0.0001712	0.000496956	-0.000205084	-6.0039e-05	0.000128995
4	4.01852	0.000970133	3.09106e-05	0.000227672	6.53883e-06	-0.000104028
5	5.02306	0.00130302	9.74885e-05	-0.000304951	0.000172984	0.000162284
6	6.02773	0.00140289	6.41995e-05	6.12274e-05	3.98278e-05	2.91278e-05
7	7.0335	-2.85351e-05	0.000197355	-0.000205084	-0.000193195	-7.0739e-05
8	8.0372	-0.00122694	0.000197355	0.000460695	-2.67501e-05	-4.16113e-06
9	9.04167	0.00143618	-0.000102245	-3.86393e-05	-0.000193195	2.91278e-05
10	10.0458	-0.000860758	0.000230644	0.000260961	0.000306139	-4.16113e-06
11	11.0517	0.0013696	-0.000168823	0.000194383	7.31168e-05	-3.74501e-05
12	12.0589	0.000237777	-0.000368557	0.000360828	6.53883e-06	2.91278e-05
13	13.0635	-6.18224e-05	-0.000468424	0.000327539	7.31168e-05	-3.74501e-05
14	14.0688	0.00140289	0.000197355	-0.00033824	-0.000159906	9.57057e-05
15	15.0745	-0.00049458	-0.000135534	0.00029425	6.53883e-06	6.24168e-05
16	16.0803	-0.000261558	0.0003638	-5.35037e-06	6.53883e-06	0.00026215
17	17.0848	0.000637245	-2.3784e-06	-0.000138506	-6.0039e-05	6.24168e-05
18	18.09	0.000470799	0.0003638	-0.000737707	-2.67501e-05	-0.000137317
19	19.096	0.0007704	3.09106e-05	9.45164e-05	7.31168e-05	-4.16113e-06
20	20.1001	-0.000960625	-3.56671e-05	-0.000238373	-2.67501e-05	0.000128995
21	21.1046	0.000703822	0.000130777	2.79385e-05	-6.0039e-05	-4.16113e-06
22	22.1101	0.000703822	-3.56671e-05	-0.000138506	7.31168e-05	2.91278e-05
23	23.1138	-0.000661024	-0.000168823	-0.000304951	0.000206273	-7.0739e-05
24	24.1195	-0.00139338	-3.56671e-05	-0.000471396	-0.000126617	2.91278e-05
25	25.1237	-0.000760892	-6.89561e-05	0.000360828	-0.000259773	-0.000104028
26	26.1277	0.000703822	-0.000235401	-0.000271662	0.000206273	2.91278e-05
27	27.1324	0.000970133	-0.000102245	-5.35037e-06	6.53883e-06	-7.0739e-05
28	28.1365	-0.000261558	-2.3784e-06	-0.000205084	3.98278e-05	9.57057e-05
29	29.1405	0.000970133	0.000230644	6.12274e-05	-0.000193195	-4.16113e-06
30	30.1484	-0.000261558	0.000563534	0.000360828	7.31168e-05	9.57057e-05
31	31.1522	0.000104622	-0.000102245	-5.35037e-06	-9.3328e-05	6.24168e-05
32	32.1579	-0.000328134	-2.3784e-06	0.000260961	-2.67501e-05	2.91278e-05
33	33.1606	-0.000860758	-0.00026869	-0.000371529	7.31168e-05	9.57057e-05
34	34.1658	-0.00126023	-0.000102245	-7.19283e-05	6.53883e-06	-3.74501e-05
35	35.1698	-0.00016169	-3.56671e-05	0.000593851	-2.67501e-05	-0.000104028
36	36.176	-0.000561157	9.74885e-05	-0.000138506	-2.67501e-05	2.91278e-05
37	37.1806	-0.000727603	0.000430378	-5.35037e-06	-9.3328e-05	-7.0739e-05
38	38.1864	0.000637245	0.000197355	-3.86393e-05	-2.67501e-05	-0.000137317
39	39.1932	-0.000128401	-0.000368557	-0.000138506	-0.000126617	9.57057e-05
40	40.1969	-0.000694313	-0.000235401	-0.000304951	0.000172984	-7.0739e-05
41	41.2024	-0.000428002	6.41995e-05	9.45164e-05	-0.000193195	-7.0739e-05
42	42.2072	0.000304355	-0.000368557	-0.000205084	0.000339428	2.91278e-05
43	43.2128	0.000137911	-0.00026869	-0.000238373	-6.0039e-05	-3.74501e-05
44	44.2189	0.000437512	-0.000168823	-7.19283e-05	-6.0039e-05	-0.000104028
45	45.225	-0.00169298	0.000197355	-0.00033824	-9.3328e-05	-0.000170606
46	46.2303	-0.000294847	0.000164066	2.79385e-05	-9.3328e-05	-3.74501e-05
47	47.236	-0.000760892	9.74885e-05	-0.000371529	-0.000159906	-3.74501e-05
48	48.24	-0.00152654	-0.000168823	0.00029425	0.000172984	0.000128995
49	49.2441	0.000204487	-0.000401846	0.00029425	6.53883e-06	-3.74501e-05
50	50.2496	-0.00175956	-0.000368557	9.45164e-05	-0.000193195	6.24168e-05
51	51.2545	-0.000394713	-0.000368557	-3.86393e-05	6.53883e-06	0.000128995
52	52.2619	-0.000128401	-0.000102245	6.12274e-05	0.000139695	-3.74501e-05
53	53.2679	-0.000561157	0.000397089	9.45164e-05	-6.0039e-05	-0.000104028
54	54.2721	-0.00106049	-0.000235401	-0.000304951	3.98278e-05	-4.16113e-06
55	55.2775	-0.000228268	-2.3784e-06	0.000227672	3.98278e-05	-3.74501e-05
56	56.2819	-0.00016169	0.000397089	-0.000404818	-2.67501e-05	6.24168e-05
57	57.2867	-0.000394713	-0.000102245	0.000194383	-2.67501e-05	-3.74501e-05
58	58.2923	-6.18224e-05	0.000397089	0.000260961	-0.000159906	6.24168e-05
59	59.2989	0.00553072	3.09106e-05	0.000360828	-0.000193195	0.000162284
60	60.3032	0.00436561	0.000330511	0.000260961	7.31168e-05	9.57057e-05
61	61.3095	0.00379969	0.000297222	0.000593851	0.000106406	2.91278e-05
62	62.3138	0.00446547	0.000829845	0.000660429	-0.000226484	0.000162284
63	63.3195	0.00493152	0.0003638	0.000360828	6.53883e-06	6.24168e-05
64	64.3245	0.00719517	0.000863134	0.000527273	7.31168e-05	-7.0739e-05
65	65.3321	0.00622979	0.000763267	0.000593851	-0.000193195	2.91278e-05
66	66.3361	0.00612992	-3.56671e-05	0.000793584	0.000106406	0.000128995
67	67.3391	0.00696214	0.000496956	0.000560562	-2.67501e-05	0.000195573
68	68.3445	0.00576374	0.000330511	0.000960029	-0.000159906	-7.0739e-05
69	69.351	0.00712859	0.0003638	0.00125963	-9.3328e-05	2.91278e-05
70	70.3564	0.00789424	0.000230644	0.000227672	-0.000293062	-3.74501e-05
71	71.3621	0.00772779	-3.56671e-05	0.00062714	-0.000159906	6.24168e-05
72	72.37	0.00692886	0.0003638	0.000560562	-0.000126617	6.24168e-05
73	73.3763	0.00729503	0.000430378	0.000793584	3.98278e-05	2.91278e-05
74	74.3819	0.00816055	0.000197355	0.00145936	-0.000159906	9.57057e-05
75	75.3856	0.00746148	0.000230644	0.000527273	3.98278e-05	9.57057e-05
76	76.389	0.00772779	0.000197355	0.000793584	0.000306139	-3.74501e-05
77	77.3942	0.00892619	0.000230644	0.000161094	-0.000193195	0.000162284
78	78.4	0.00759463	-2.3784e-06	0.000893451	3.98278e-05	-4.16113e-06
79	79.4042	0.00759463	0.000197355	0.000960029	0.000106406	0.000228861
80	80.4071	0.0088929	0.000164066	0.000527273	-0.000193195	0.000128995
81	81.4107	0.0079941	0.000663401	0.000693717	-9.3328e-05	0.000128995
82	82.4152	0.00905935	0.000197355	0.000427406	-0.000159906	-4.16113e-06
83	83.4207	0.0070953	0.000330511	0.000826873	-0.000159906	6.24168e-05
84	84.4245	0.0076945	6.41995e-05	0.00029425	3.98278e-05	-7.0739e-05
85	85.4287	0.00822712	0.000430378	0.00122634	-0.000126617	6.24168e-05
86	86.4339	0.00882633	-0.000368557	0.000860162	-0.000193195	-3.74501e-05
87	87.4398	0.00736161	-6.89561e-05	0.000360828	-0.000159906	-4.16113e-06
88	88.446	0.00716188	9.74885e-05	0.00062714	3.98278e-05	2.91278e-05
89	89.4506	0.00779437	0.000763267	0.000760295	-0.000126617	9.57057e-05
90	90.4578	0.00819384	0.00112945	0.00115976	-0.000159906	-4.16113e-06
91	91.4612	0.00826041	0.000330511	0.00092674	-2.67501e-05	-7.0739e-05
92	92.4692	0.00826041	6.41995e-05	0.00062714	7.31168e-05	0.000162284
93	93.4742	0.00762792	0.000130777	0.00092674	7.31168e-05	0.000228861
94	94.4776	0.0091925	9.74885e-05	0.000860162	-9.3328e-05	-4.16113e-06
95	95.4839	0.00846015	0.000263933	0.0010599	0.000139695	-7.0739e-05
96	96.4904	0.00885961	0.000330511	0.00102661	0.000206273	-0.000137317
97	97.496	0.00839357	0.000164066	0.000960029	-2.67501e-05	0.000228861
98	98.5014	0.00792752	0.000729979	0.000660429	3.98278e-05	-0.000104028
99	99.5064	0.00752806	0.000896423	0.000693717	-9.3328e-05	6.24168e-05
100	100.511	0.00832699	3.09106e-05	0.000460695	-2.67501e-05	0.000162284
101	101.516	0.00669583	0.000230644	0.000394117	-0.000226484	-7.0739e-05
102	102.521	0.00842686	0.000563534	0.000860162	0.00027285	0.000128995
103	103.526	0.00892619	0.000130777	0.000727006	3.98278e-05	6.24168e-05
104	104.535	0.00842686	-0.000135534	0.0013595	0.000239561	-7.0739e-05
105	105.54	0.00786095	0.000263933	0.000960029	6.53883e-06	6.24168e-05
106	106.546	0.00689557	0.000197355	0.000760295	3.98278e-05	0.000162284
107	107.549	0.00892619	0.000430378	0.00129292	-0.000159906	-4.16113e-06
108	108.555	0.00832699	6.41995e-05	0.000660429	6.53883e-06	-0.000104028
109	109.56	0.00802739	0.000896423	0.0013595	3.98278e-05	-3.74501e-05
110	110.567	0.00849344	3.09106e-05	0.000693717	3.98278e-05	9.57057e-05
111	111.573	0.00882633	0.000197355	0.00125963	6.53883e-06	0.000128995
112	112.579	0.00885961	-0.000235401	0.000893451	7.31168e-05	0.000128995
113	113.586	0.00912593	0.000729979	0.000593851	-2.67501e-05	9.57057e-05
114	114.592	0.00895948	0.000263933	0.00115976	7.31168e-05	9.57057e-05
115	115.598	0.00955868	0.000330511	0.0010599	0.000139695	2.91278e-05
116	116.603	0.00939224	0.000230644	0.000727006	-9.3328e-05	-0.000104028
117	117.608	0.00776108	-6.89561e-05	0.00062714	0.000239561	9.57057e-05
118	118.615	0.00972513	0.000863134	0.000760295	-6.0039e-05	-4.16113e-06
119	119.62	0.00852672	0.000263933	0.000860162	-6.0039e-05	2.91278e-05
120	120.625	0.00899277	6.41995e-05	0.00102661	-0.000226484	2.91278e-05
121	121.631	0.0094921	-6.89561e-05	0.000593851	-0.000193195	-7.0739e-05
122	122.636	0.00836028	0.000763267	0.0010599	3.98278e-05	-7.0739e-05
123	123.641	0.00925908	0.000330511	0.000560562	-0.000126617	9.57057e-05
124	124.647	0.0114562	0.000729979	0.00092674	6.53883e-06	0.000162284
125	125.652	0.0104242	0.000430378	0.0010599	-9.3328e-05	9.57057e-05
126	126.657	0.0140194	0.000563534	0.000893451	-0.000259773	2.91278e-05
127	127.663	0.0161499	-0.000202112	0.00119305	0.000239561	9.57057e-05
128	128.669	0.0142857	0.00069669	0.00215843	-9.3328e-05	6.24168e-05
129	129.673	0.0156173	0.000330511	0.000993318	3.98278e-05	6.24168e-05
130	130.677	0.0176479	0.000297222	0.00215843	0.000106406	0.000162284
131	131.682	0.0146519	0.0003638	0.00182554	-6.0039e-05	-7.0739e-05
132	132.688	0.0119888	0.00069669	0.00245803	3.98278e-05	-4.16113e-06
133	133.694	0.0105574	0.000796556	0.00199199	-6.0039e-05	0.000195573
134	134.699	0.0119222	0.000263933	0.00129292	6.53883e-06	6.24168e-05
135	135.705	0.01109	0.000297222	0.00092674	-0.000226484	9.57057e-05
136	136.709	0.0121552	0.000763267	0.00129292	3.98278e-05	6.24168e-05
137	137.714	0.0112564	0.000330511	0.00102661	-0.000159906	-0.000137317
138	138.72	0.0120221	0.000263933	0.0010599	-9.3328e-05	0.000128995
139	139.724	0.0107238	-0.000135534	0.000727006	0.000172984	6.24168e-05
140	140.73	0.0107238	0.000263933	0.000960029	-9.3328e-05	0.000128995
141	141.734	0.0119555	0.000663401	0.000660429	0.000106406	-3.74501e-05
142	142.741	0.010857	0.000130777	0.00119305	-0.000126617	6.24168e-05
143	143.744	0.0117225	0.000563534	0.00112647	7.31168e-05	0.000128995
144	144.75	0.0101246	0.000563534	0.00145936	7.31168e-05	0.00026215
145	145.753	0.0129542	0.000197355	0.00132621	0.000206273	0.000128995
146	146.759	0.0120221	0.000763267	0.00179225	-0.000226484	9.57057e-05
147	147.764	0.0102577	0.0003638	0.00112647	-0.000193195	9.57057e-05
148	148.771	0.01109	0.00069669	0.00129292	0.000172984	2.91278e-05
149	149.776	0.0105574	-0.000168823	0.00162581	-0.000193195	0.000128995
150	150.781	0.0123882	0.000330511	0.00202528	-2.67501e-05	2.91278e-05
151	151.786	0.0120886	0.000596823	0.00119305	-0.000126617	-3.74501e-05
152	152.791	0.0107238	0.000230644	0.00109318	-9.3328e-05	2.91278e-05
153	153.799	0.0127544	-0.000102245	0.000560562	0.000106406	-7.0739e-05
154	154.804	0.010291	0.0003638	0.000960029	0.000239561	-3.74501e-05
155	155.809	0.0115227	0.00106287	0.00109318	-2.67501e-05	0.000128995
156	156.815	0.0107571	0.000230644	0.00119305	-0.000126617	0.000128995
157	157.82	0.0120221	0.000197355	0.000593851	-0.000126617	-4.16113e-06
158	158.826	0.011789	-0.000135534	0.00152594	-0.000326351	0.000195573
159	159.83	0.0104575	-2.3784e-06	0.00125963	-9.3328e-05	0.000128995
160	160.837	0.0103909	0.000530245	0.00142607	6.53883e-06	-4.16113e-06
161	161.842	0.00992486	0.000430378	0.00185883	0.000172984	9.57057e-05
162	162.849	0.00989157	0.000297222	0.00102661	0.000172984	0.000128995
163	163.854	0.0112564	0.000297222	0.000960029	3.98278e-05	2.91278e-05
164	164.859	0.0116226	0.000430378	0.00092674	3.98278e-05	-4.16113e-06
165	165.865	0.0109901	0.000297222	0.00169239	-0.000193195	6.24168e-05
166	166.87	0.0133203	0.000796556	0.00129292	0.000139695	0.000195573
167	167.877	0.0119888	0.000130777	0.000993318	0.000106406	-3.74501e-05
168	168.881	0.0107238	0.000197355	0.00182554	-2.67501e-05	0.00026215
169	169.886	0.0104242	9.74885e-05	0.000826873	-0.000159906	2.91278e-05
170	170.892	0.0122551	9.74885e-05	0.000826873	0.000139695	-7.0739e-05
171	171.898	0.0128543	-0.000335268	0.0016591	-0.000159906	-4.16113e-06
172	172.902	0.0104908	9.74885e-05	0.000893451	-6.0039e-05	-0.000104028
173	173.908	0.0110234	0.000330511	0.000993318	7.31168e-05	-4.16113e-06
174	174.913	0.0128543	0.000863134	0.000560562	-0.000159906	0.000162284
175	175.917	0.0110567	6.41995e-05	0.0010599	7.31168e-05	0.000195573
176	176.92	0.0102577	0.000596823	0.000893451	-0.000126617	2.91278e-05
177	177.925	0.0108237	0.000397089	0.000693717	-2.67501e-05	9.57057e-05
178	178.929	0.0108902	0.000230644	0.00129292	-0.000193195	-3.74501e-05
179	179.934	0.01109	0.000729979	0.0013595	0.000206273	-0.000104028
180	180.938	0.0102577	0.000130777	0.00092674	0.000139695	2.91278e-05
181	181.945	0.00975842	0.000729979	0.000993318	-0.000126617	0.000128995
182	182.949	0.011556	6.41995e-05	0.00109318	-2.67501e-05	-4.16113e-06
183	183.954	0.00975842	0.000596823	0.00109318	6.53883e-06	-7.0739e-05
184	184.957	0.0104908	9.74885e-05	0.00145936	0.000106406	0.000128995
185	185.963	0.00982499	-0.000168823	0.00109318	-0.000126617	2.91278e-05
186	186.967	0.00975842	0.000430378	0.00115976	6.53883e-06	2.91278e-05
187	187.973	0.0114229	6.41995e-05	0.00122634	3.98278e-05	9.57057e-05
188	188.978	0.0110567	0.000263933	0.00122634	-2.67501e-05	6.24168e-05
189	189.984	0.0116226	-0.000168823	0.0013595	0.000139695	9.57057e-05
190	190.988	0.00975842	0.000263933	0.00149265	7.31168e-05	2.91278e-05
191	191.993	0.0112231	-3.56671e-05	0.00115976	-0.000193195	2.91278e-05
192	192.998	0.0111898	0.000297222	0.00092674	-6.0039e-05	-7.0739e-05
193	194.003	0.0111566	0.00069669	0.00109318	-0.000193195	9.57057e-05
194	195.008	0.0112564	-0.000102245	0.00092674	0.000206273	6.24168e-05
195	196.014	0.00865988	0.000297222	0.00112647	-6.0039e-05	6.24168e-05
196	197.018	0.0110567	0.00069669	0.00092674	-0.000226484	0.000162284
197	198.022	0.00972513	0.000130777	0.000660429	-2.67501e-05	-0.000104028
198	199.027	0.012355	0.000164066	0.000593851	-2.67501e-05	0.000195573
199	200.032	0.0111566	0.000230644	0.00102661	0.000106406	2.91278e-05
200	201.036	0.0109235	0.000463667	0.00119305	-9.3328e-05	0.000162284
201	202.042	0.0113563	0.000596823	0.00102661	-2.67501e-05	2.91278e-05
202	203.049	0.0150181	0.000397089	0.00109318	-6.0039e-05	6.24168e-05
203	204.055	0.0144522	0.000963001	0.00139279	0.000139695	0.000162284
204	205.06	0.0152844	0.00112945	0.00162581	-9.3328e-05	0.00026215
205	206.065	0.0149515	0.00069669	0.00152594	6.53883e-06	-3.74501e-05
206	207.073	0.0169155	0.000796556	0.00155923	3.98278e-05	0.000128995
207	208.078	0.0173816	0.000263933	0.00189212	-9.3328e-05	9.57057e-05
208	209.083	0.0180807	0.000829845	0.00169239	-0.000226484	9.57057e-05
209	210.09	0.0173816	0.000430378	0.0019587	-9.3328e-05	0.000228861
210	211.096	0.0177811	0.000397089	0.00215843	-0.000193195	0.000228861
211	212.1	0.0162831	0.000563534	0.0019587	3.98278e-05	-4.16113e-06
212	213.105	0.0200447	0.000463667	0.00209185	7.31168e-05	-7.0739e-05
213	214.11	0.0183137	0.000729979	0.00142607	-9.3328e-05	9.57057e-05
214	215.115	0.019046	0.000596823	0.00189212	-6.0039e-05	0.000162284
215	216.118	0.0198117	0.000863134	0.00242474	0.000306139	-4.16113e-06
216	217.123	0.0171153	0.000496956	0.0019587	7.31168e-05	-7.0739e-05
217	218.129	0.0164495	-3.56671e-05	0.00159252	-6.0039e-05	0.00026215
218	219.134	0.0172817	0.000230644	0.00209185	-0.000126617	9.57057e-05
219	220.141	0.0179808	0.000896423	0.0022583	-6.0039e-05	2.91278e-05
220	221.145	0.0209435	0.000829845	0.00202528	6.53883e-06	2.91278e-05
221	222.15	0.0188796	0.000663401	0.00259119	-0.000126617	0.000162284
222	223.155	0.0201446	0.000297222	0.00215843	7.31168e-05	0.000162284
223	224.16	0.0196785	0.000596823	0.00152594	-9.3328e-05	-3.74501e-05
224	225.165	0.0174149	0.000297222	0.00189212	0.000139695	6.24168e-05
225	226.169	0.0177478	0.000530245	0.00142607	-2.67501e-05	0.00026215
226	227.175	0.0192791	0.000796556	0.00279092	-0.000159906	0.00026215
227	228.179	0.019845	0.000596823	0.00239145	3.98278e-05	0.000128995
228	229.186	0.0182471	-0.000301979	0.00252461	0.000172984	0.000228861
229	230.191	0.0181805	0.00099629	0.00179225	-0.000126617	-7.0739e-05
230	231.197	0.017315	0.000530245	0.00129292	-6.0039e-05	-3.74501e-05
231	232.202	0.0207438	0.000130777	0.00172567	-6.0039e-05	0.00026215
232	233.207	0.0187464	0.00069669	0.00155923	-9.3328e-05	0.000128995
233	234.215	0.0207438	0.000263933	0.00145936	6.53883e-06	0.000162284
234	235.221	0.017082	0.00106287	0.00189212	-0.000126617	-7.0739e-05
235	236.226	0.017315	0.000763267	0.00245803	-2.67501e-05	0.000228861
236	237.231	0.0207771	-0.000135534	0.00249132	-0.000226484	2.91278e-05
237	238.237	0.0211432	0.00176194	0.00199199	3.98278e-05	0.000128995
238	239.242	0.0183137	0.000197355	0.00179225	-0.000293062	0.000128995
239	240.247	0.0208103	0.000796556	0.00215843	0.000106406	0.000195573
240	241.251	0.0177811	0.000663401	0.0022583	-0.000226484	0.000128995
241	242.256	0.0197118	0.0003638	0.00215843	-0.000226484	2.91278e-05
242	243.263	0.0184801	0.000829845	0.00239145	-9.3328e-05	0.000295439
243	244.27	0.0191792	0.000596823	0.00155923	-2.67501e-05	6.24168e-05
244	245.275	0.0168157	0.0003638	0.00179225	3.98278e-05	6.24168e-05
245	246.28	0.020311	0.00106287	0.00172567	-6.0039e-05	-0.000137317
246	247.284	0.0179475	0.00119602	0.00269105	-0.000193195	9.57057e-05
247	248.29	0.0189795	0.000630112	0.00142607	3.98278e-05	0.000128995
248	249.294	0.0210434	0.0003638	0.0022583	-0.000259773	0.000228861
249	250.299	0.0194122	0.000496956	0.00152594	3.98278e-05	0.00026215
250	251.303	0.017315	0.00106287	0.00169239	0.000206273	-4.16113e-06
251	252.309	0.0179142	0.000397089	0.0031571	3.98278e-05	0.000128995
252	253.315	0.0218423	0.00099629	0.00175896	-2.67501e-05	9.57057e-05
253	254.32	0.0196785	0.000297222	0.00222501	0.000106406	0.000362017
254	255.325	0.0206439	0.000164066	0.00139279	-2.67501e-05	2.91278e-05
255	256.33	0.020078	0.000397089	0.00169239	-0.000159906	0.000162284
256	257.337	0.0193789	0.000763267	0.00145936	-6.0039e-05	6.24168e-05
257	258.34	0.020078	0.000630112	0.00215843	0.000106406	2.91278e-05
258	259.348	0.0196785	0.000630112	0.0019587	-0.000193195	-7.0739e-05
259	260.352	0.0198117	0.000496956	0.00235816	-6.0039e-05	-4.16113e-06
260	261.358	0.0190793	0.000263933	0.0022583	-6.0039e-05	0.000228861
261	262.363	0.0176146	0.000530245	0.00245803	-0.000326351	0.000128995
262	263.368	0.0206439	-2.3784e-06	0.00122634	0.000239561	-7.0739e-05
263	264.374	0.0198117	0.000530245	0.00179225	-2.67501e-05	0.000162284
264	265.378	0.0200447	0.0003638	0.0016591	3.98278e-05	-4.16113e-06
265	266.384	0.0193789	0.0003638	0.00159252	6.53883e-06	9.57057e-05
266	267.389	0.0182804	0.000929712	0.00245803	6.53883e-06	9.57057e-05
267	268.395	0.0186799	0.000630112	0.00185883	-6.0039e-05	9.57057e-05
268	269.403	0.0198783	0.000630112	0.00215843	6.53883e-06	0.000162284
269	270.409	0.0180141	0.000263933	0.00295737	3.98278e-05	0.000228861
270	271.413	0.0186799	0.000563534	0.00192541	-2.67501e-05	0.000162284
271	272.418	0.0208436	6.41995e-05	0.00155923	-0.000126617	6.24168e-05
272	273.424	0.0192125	0.000496956	0.00189212	-2.67501e-05	6.24168e-05
273	274.43	0.0184468	0.000263933	0.00175896	-2.67501e-05	0.000162284
274	275.436	0.0306972	0.00119602	0.00275763	-0.000126617	0.00026215
275	276.442	0.0316625	0.000197355	0.00295737	-9.3328e-05	9.57057e-05
276	277.447	0.0334269	0.000330511	0.00329026	-0.000193195	0.000128995
277	278.454	0.034592	0.00116273	0.00319039	0.000239561	-0.000104028
278	279.461	0.0194455	0.000330511	0.00202528	-6.0039e-05	-4.16113e-06
279	280.468	0.0237398	0.000130777	0.00292408	0.000106406	-4.16113e-06
280	281.474	0.0217757	0.000563534	0.00239145	7.31168e-05	-4.16113e-06
281	282.48	0.0323283	0.000763267	0.00392275	0.000106406	0.00059504
282	283.483	0.0340593	0.00112945	0.0037563	6.53883e-06	9.57057e-05
283	284.488	0.0342258	0.000397089	0.00372301	-6.0039e-05	0.000228861
284	285.494	0.0367225	0.000563534	0.00352328	3.98278e-05	0.000128995
285	286.499	0.0359235	0.00112945	0.00382288	0.000306139	0.000195573
286	287.505	0.0380207	0.00099629	0.00335683	-2.67501e-05	0.000362017
287	288.511	0.0356905	0.000596823	0.00398932	-0.000126617	0.000295439
288	289.514	0.0353243	0.000829845	0.00339012	3.98278e-05	0.000295439
289	290.52	0.0376213	0.00119602	0.0040559	0.000206273	0.000428595
290	291.528	0.0364561	0.00136247	0.00382288	-0.000126617	0.000428595
291	292.536	0.0371219	0.000963001	0.00425563	-9.3328e-05	0.000328728
292	293.54	0.038054	0.00119602	0.00388946	-0.000126617	0.000195573
293	294.543	0.0378876	0.000596823	0.00388946	3.98278e-05	0.000162284
294	295.549	0.0385866	0.000563534	0.00442208	-2.67501e-05	6.24168e-05
295	296.554	0.0391858	0.000929712	0.00448866	-2.67501e-05	6.24168e-05
296	297.558	0.0392857	0.000763267	0.00365643	-2.67501e-05	0.000228861
297	298.564	0.0396186	0.000963001	0.00432221	0.000206273	0.000195573
298	299.569	0.0391193	0.000430378	0.00352328	0.000139695	6.24168e-05
299	300.575	0.0365227	0.000330511	0.0034567	-0.000193195	0.000228861
300	301.58	0.0403842	0.00099629	0.00392275	-2.67501e-05	0.000162284
301	302.586	0.0385866	0.000963001	0.00478826	7.31168e-05	0.000128995
302	303.591	0.0388862	0.000729979	0.00445537	0.000206273	0.000128995
303	304.597	0.0402511	0.00119602	0.00442208	3.98278e-05	0.000295439
304	305.602	0.040351	0.000397089	0.00458852	-2.67501e-05	0.000228861
305	306.606	0.0392857	0.00116273	0.00448866	0.000239561	0.000362017
306	307.611	0.0405507	0.000729979	0.00445537	-9.3328e-05	0.000228861
307	308.617	0.0397518	0.00146234	0.0037563	0.000106406	0.000162284
308	309.624	0.0406506	0.00139576	0.00448866	7.31168e-05	0.00026215
309	310.628	0.0397518	0.000530245	0.00488812	-0.000159906	0.000228861
310	311.632	0.0387864	0.000330511	0.00398932	-0.000126617	0.000228861
311	312.636	0.0410167	0.00119602	0.00515444	6.53883e-06	2.91278e-05
312	313.641	0.039086	0.000829845	0.00398932	0.000106406	0.000228861
313	314.647	0.0399182	0.000929712	0.00415577	0.000139695	0.000195573
314	315.653	0.0398516	0.00099629	0.00468839	-6.0039e-05	0.00026215
315	316.66	0.0407837	0.00149562	0.00468839	-0.000126617	0.000295439
316	317.666	0.0397185	0.000796556	0.00472168	3.98278e-05	-4.16113e-06
317	318.673	0.0408503	0.000729979	0.00468839	3.98278e-05	0.000362017
318	319.68	0.0419155	0.0003638	0.00415577	-6.0039e-05	0.000128995
319	320.686	0.0411166	0.00102958	0.00385617	0.000106406	0.000362017
320	321.693	0.039552	0.00119602	0.00398932	-6.0039e-05	0.000162284
321	322.697	0.0429808	0.00139576	0.00428892	3.98278e-05	0.000428595
322	323.702	0.0415494	0.000963001	0.00425563	-9.3328e-05	0.000162284
323	324.709	0.0407171	0.000596823	0.00428892	3.98278e-05	0.00026215
324	325.716	0.0395853	0.00139576	0.00402261	-0.000226484	9.57057e-05
325	326.72	0.0401512	-0.000202112	0.00392275	0.000106406	0.000295439
326	327.726	0.0413496	0.000630112	0.00309052	-2.67501e-05	0.000162284
327	328.731	0.0402511	0.000763267	0.00455524	7.31168e-05	0.000228861
328	329.736	0.0440793	0.00122931	0.00402261	-6.0039e-05	0.00059504
329	330.741	0.0402511	0.00069669	0.00355657	3.98278e-05	0.000162284
330	331.746	0.0407171	0.000929712	0.00478826	6.53883e-06	0.00026215
331	332.751	0.0403842	0.00112945	0.00475497	0.000106406	0.00026215
332	333.757	0.0383203	0.00116273	0.00455524	3.98278e-05	0.000162284
333	334.763	0.0401512	0.000563534	0.00415577	0.000139695	0.000195573
334	335.769	0.0414828	0.000430378	0.00478826	-0.000159906	0.000195573
335	336.773	0.0417491	0.00132918	0.00452195	0.000172984	0.000228861
336	337.779	0.0411832	0.00166207	0.0046551	-9.3328e-05	0.000195573
337	338.782	0.04105	0.00149562	0.00408919	6.53883e-06	2.91278e-05
338	339.788	0.0379542	0.000563534	0.00512115	-0.000126617	0.000195573
339	340.793	0.0413496	0.000230644	0.00425563	-9.3328e-05	0.00026215
340	341.8	0.0404841	0.00149562	0.00462181	3.98278e-05	0.000395306
341	342.804	0.0398183	0.00069669	0.00378959	6.53883e-06	6.24168e-05
342	343.809	0.0394189	0.00172865	0.00418906	6.53883e-06	0.000295439
343	344.815	0.0405507	0.000330511	0.00455524	0.000206273	0.00026215
344	345.822	0.040351	0.00139576	0.00528759	6.53883e-06	0.000128995
345	346.827	0.0407504	0.000463667	0.00462181	0.000239561	0.000295439
346	347.832	0.0394189	0.0003638	0.00395603	-2.67501e-05	0.000362017
347	348.836	0.0401845	0.000729979	0.00485484	-6.0039e-05	0.000228861
348	349.842	0.0382205	0.000863134	0.00415577	-6.0039e-05	0.000362017
349	350.849	0.04358	0.000829845	0.0040559	-0.000159906	0.000128995
350	351.853	0.0399848	0.000596823	0.00508786	-6.0039e-05	6.24168e-05
351	352.859	0.0415826	0.0012626	0.00415577	-0.000126617	0.00026215
352	353.864	0.0411166	0.00116273	0.0046551	0.000106406	0.000195573
353	354.87	0.0414495	0.00069669	0.00412248	0.000239561	0.000362017
354	355.876	0.0407171	0.00102958	0.00398932	0.000106406	0.000195573
355	356.884	0.0417491	0.000829845	0.00412248	3.98278e-05	-0.000104028
356	357.887	0.0423816	0.000297222	0.00445537	-9.3328e-05	0.000461884
357	358.892	0.0387531	0.000796556	0.00352328	7.31168e-05	0.000362017
358	359.898	0.0394189	0.000896423	0.0037563	-0.000126617	0.00026215
359	360.903	0.0426479	0.00129589	0.00452195	-0.000193195	0.000195573
360	361.912	0.0421153	0.000563534	0.00475497	6.53883e-06	0.000295439
361	362.919	0.0403842	0.00132918	0.00475497	-9.3328e-05	0.000128995
362	363.924	0.041283	0.000263933	0.00472168	-0.000193195	0.000228861
363	364.929	0.0418823	0.000164066	0.00348999	-0.000226484	0.00026215
364	365.934	0.0441792	0.000896423	0.00355657	-0.000159906	0.000195573
365	366.941	0.0422484	0.000263933	0.00445537	7.31168e-05	0.000128995
366	367.946	0.0406506	0.00102958	0.00432221	0.000139695	0.000295439
367	368.952	0.0413496	0.00129589	0.00392275	0.000106406	0.00026215
368	369.958	0.042082	0.000297222	0.0043555	0.000106406	0.000362017
369	370.968	0.0400846	0.000663401	0.00458852	0.000172984	0.000295439
370	371.974	0.0440127	0.00109616	0.0046551	6.53883e-06	9.57057e-05
371	372.979	0.0395853	0.000963001	0.00415577	-2.67501e-05	0.000328728
372	373.983	0.0401512	0.00122931	0.00445537	0.000106406	0.000162284
373	374.99	0.0414162	0.000896423	0.00368972	-6.0039e-05	0.000362017
