98.536462
16.176762
14.925725
2.182713
2.842588
46.725962
48.879175
23.816488
8.317863
107.193175
27.223550
11.421100
21.595850
19.098762
74.609000
39.820675
7.055650
22.734838
19.648325
32.676637
3.523262
12.633363
14.718700
28.928888
44.272337
12.504550
29.462412
35.454788
45.420525
48.782612
151.803450
76.486312
36.932612
176.896388
90.125438
87.360112
25.512975
24.232062
2.064312
66.436050
0.288087
15.721650
0.720100
39.115313
52.767050
62.758325
61.376750
20.455275
11.724075
6.182150
107.250087
48.532275
34.959275
0.179100
18.887850
9.269938
8.413238
27.614225
73.995013
38.877275
24.269925
0.725387
14.170825
5.321775
51.580725
2.834788
49.623263
38.361413
137.060462
16.439750
16.395125
18.844938
32.414775
209.282875
83.490662
54.616462
18.792638
71.804787
8.284987
8.801637
84.192050
20.062050
17.577500
81.066825
9.921962
16.605650
18.046837
21.379250
17.492975
11.147437
31.402300
37.962850
1.417212
166.041350
0.000737
18.796900
42.047738
27.272175
31.423025
0.312262
119.088575
14.861475
4.165700
54.316287
9.620287
54.181300
53.406788
112.114700
96.309800
48.206775
39.822150
64.351687
128.773100
6.284425
26.724250
9.524400
49.679800
5.869012
12.200575
167.090937
90.733013
8.019837
29.107400
149.758775
21.179850
249.159450
72.582175
12.498687
33.212575
35.892675
12.348562
46.063562
74.911887
8.464537
16.759812
74.093837
39.627812
25.157412
2.462925
43.793862
10.322088
21.406312
25.925675
76.264363
8.109250
141.167875
176.825662
34.220400
53.551525
88.138963
23.306287
59.492600
77.464750
11.408225
27.288263
8.699637
189.053525
23.029212
21.622187
11.262813
3.738975
3.817987
78.102762
50.326512
2.130850
7.506825
18.153587
8.077975
101.999475
20.352200
78.595400
94.062175
28.320962
88.662575
18.417613
12.494200
2.043637
82.767162
61.942125
39.403375
4.057712
5.390313
179.075037
58.327775
6.680225
53.344363
109.996337
33.184462
17.557800
29.327700
29.776300
9.702113
41.846362
2.008938
0.136288
60.553225
108.302037
1.788337
120.495425
64.859725
59.984725
25.148850
23.922050
0.202275
81.464912
1.806412
85.730337
65.004700
10.053575
94.331212
95.285263
0.858200
39.564975
84.064975
127.014638
7.878062
11.577050
35.783625
91.197025
94.271162
8.682475
45.767012
1.548200
59.418912
16.981838
17.376750
327.556325
10.385788
6.355162
29.328087
27.234288
69.033412
85.009462
17.609987
110.557450
7.905875
28.125700
20.794487
142.887175
78.590712
85.248175
8.160662
70.334400
3.162863
28.849412
4.916575
11.626762
4.982187
22.524687
25.103150
43.290737
76.956112
12.934312
7.530937
42.382875
43.401700
4.086400
92.328850
105.576688
43.617087
124.261425
74.927475
4.775075
0.000862
70.567962
3.463600
44.628612
138.088887
54.212687
50.390625
92.913438
22.395850
12.559912
27.404737
11.275425
8.824437
10.257425
123.676087
73.759088
19.421625
6.666238
48.487537
16.610200
54.489362
49.670125
33.959475
46.776425
42.884662
23.620137
133.033212
49.405838
12.967050
5.315400
37.617350
8.870912
97.507425
100.676962
47.015712
22.871850
140.956137
69.399687
63.376050
13.500337
40.933138
18.596837
27.610700
17.287950
97.420487
111.845037
41.589500
25.549075
46.217812
125.271562
8.450437
66.701413
18.161662
144.358737
90.452162
36.068087
53.708125
6.800612
78.440712
16.753425
18.054913
13.182388
61.914812
135.515700
151.137075
33.651550
45.744300
23.830212
12.236475
68.046800
11.107662
25.401312
23.157775
128.889150
180.446287
70.079612
22.605425
45.659387
33.900750
33.588675
8.919250
146.330325
11.602925
87.339425
14.526950
45.336663
22.438737
11.913050
81.763875
72.910825
23.261212
20.321787
1.962675
6.857862
28.721025
64.680750
0.130650
71.886837
12.411412
7.204075
9.822537
208.476900
80.027700
5.860475
22.433400
58.013312
74.277412
22.130987
2.838837
27.762412
86.708962
49.935513
15.802187
80.866100
38.761450
30.230562
9.836050
3.059412
8.357700
5.863738
37.499037
18.451750
37.652462
110.564562
1.357725
58.868987
70.451125
153.927250
29.434162
18.860512
150.587312
0.613275
41.249988
18.390637
60.215487
28.894050
55.421262
104.443812
11.328475
19.191125
77.023363
18.067988
53.730362
16.895862
30.565150
51.273150
12.290962
8.749687
127.189000
60.276500
14.912625
20.590825
79.740650
23.531337
23.840113
1.236500
30.994425
5.462187
33.470912
31.533300
0.015787
113.080350
9.746000
32.333975
153.534713
47.621837
1.906788
153.454875
28.868462
6.172413
24.783100
42.318125
17.503375
44.843150
63.058550
11.635650
29.511350
30.436262
18.358500
110.133850
222.530750
1.224925
20.062138
87.805537
83.560212
29.485850
9.279562
12.059500
3.894637
38.979687
213.765363
28.532900
109.775275
54.197275
1.558000
16.661025
84.598850
34.755037
6.803800
9.036775
63.926575
45.977175
0.370962
14.776675
49.558450
79.694775
88.010187
38.559962
161.369012
2.692087
111.667337
33.876450
14.802925
8.062500
98.347938
43.631575
37.788200
62.355875
74.262225
37.328312
78.422950
18.450862
2.065738
37.440087
26.186250
43.135912
21.077987
66.410612
31.323287
84.256800
21.472225
8.531363
17.544600
1.237825
12.123775
64.558737
0.122150
100.081613
17.281225
47.960500
39.821425
60.471562
48.894650
5.303225
32.142300
2.598950
90.748262
170.871475
54.455950
2.793987
4.645962
21.380137
75.990900
17.397012
56.389962
85.487175
3.120737
20.525775
1.325150
104.488163
7.782262
27.287562
3.542312
20.319588
9.872487
29.450200
28.400387
3.455700
0.460175
79.234725
208.063837
26.014537
22.329362
27.949825
55.814212
20.979387
7.180712
36.604875
0.964425
110.086637
178.188575
3.645487
0.235125
10.762800
68.008787
44.069525
19.769050
52.666725
9.847188
98.595650
8.381737
38.565325
21.279375
69.887750
85.090450
123.943250
17.877975
51.270762
37.475875
54.263787
16.408000
191.330025
75.660712
4.631700
20.243775
37.184200
43.194387
29.750750
28.484525
13.351413
48.373625
42.791125
37.834387
19.757275
21.241287
3.511325
29.622787
23.383588
45.553025
69.198612
104.139925
26.564512
21.547738
44.457275
118.702275
7.104213
125.520075
0.849875
1.640900
173.281062
0.439550
36.804725
39.726462
15.718175
41.746475
22.559525
283.255612
25.421337
43.468263
53.432337
19.595225
64.552175
20.665500
5.207525
33.011450
51.277987
86.378737
5.195325
117.955100
1.239712
50.875800
25.353125
0.557562
54.299112
44.268362
119.801150
2.342413
106.701900
4.530612
98.091412
41.811925
38.770362
40.631700
22.283525
2.468275
12.435812
34.475563
0.716487
30.246487
12.918312
11.030925
119.006425
10.692037
9.910462
12.232700
33.636225
36.022262
13.155950
65.267975
151.214675
9.436400
171.182987
48.909388
29.079125
6.634850
29.861000
11.735487
1.793562
162.023450
54.356837
9.085462
5.105887
47.529350
69.938187
4.892812
81.435812
5.469275
17.484025
3.299475
10.657825
33.831538
94.838938
20.721725
28.160125
35.158925
35.590675
101.873887
9.539262
30.151887
19.917725
17.700175
69.945375
0.777275
42.941837
2.075662
93.198437
14.419662
171.533250
47.478375
3.927700
64.060200
3.384412
13.367563
2.892050
55.053675
37.391275
11.474550
4.092825
6.398200
4.541400
35.746900
61.917487
82.641937
11.773375
82.343562
27.977313
72.853450
4.992675
26.174162
32.718275
108.166437
79.118862
83.232600
32.717875
137.825362
79.440675
52.642612
21.943862
119.749488
62.003550
67.182075
13.534825
11.631163
69.688025
18.595625
90.462100
13.395275
5.753388
61.573113
19.510137
28.422425
82.305000
22.572925
120.114912
69.386938
42.204612
6.350287
30.328162
73.384825
4.898175
0.546125
56.593787
23.186637
238.117375
218.500300
47.182500
9.577225
30.334138
42.315300
7.945037
48.522275
19.109400
32.077663
27.042175
208.601350
41.869875
9.891787
17.696062
92.503937
42.133550
0.879575
0.000487
67.898325
4.967550
1.236063
83.446112
204.503037
91.306363
18.346137
29.996525
44.177450
138.887225
37.344837
80.349337
25.324300
23.372812
5.467400
10.324025
158.661087
42.856713
49.712825
30.554188
45.520275
4.140275
34.730025
16.802437
11.347962
116.084325
5.535075
12.618588
11.200363
0.790312
26.880987
23.746837
26.955437
1.590750
41.214525
35.515462
101.727312
50.306812
52.103837
38.841725
1.954275
17.172450
44.436875
30.383662
5.837825
111.612737
46.643100
26.970562
26.453275
104.342025
70.244550
11.129600
27.347825
57.343887
21.563600
11.150187
25.706112
66.914462
26.800100
30.945862
8.456512
0.262288
12.040212
37.361712
30.246475
15.834675
20.868012
91.273600
7.219512
111.869062
55.636937
39.988462
50.636437
1.014337
119.776387
151.455862
72.617638
5.495712
14.246850
18.622150
154.450775
54.468888
9.134913
5.364912
1.369300
38.305900
3.994050
2.569200
20.332950
129.535675
5.699675
40.418075
10.023837
4.910662
44.833250
71.704688
129.335962
9.310412
32.054850
1.728887
44.806750
56.985312
91.594387
59.849438
7.719712
36.939100
43.961900
57.972200
12.680200
39.112025
40.840175
41.499262
61.536062
41.581412
4.735987
40.034700
41.504562
25.605125
96.664800
0.743150
25.472062
43.124063
17.858237
8.084175
28.061300
106.265462
22.297162
17.529013
3.170137
46.305887
55.220387
65.078825
34.276450
30.445662
50.494375
75.810200
113.109625
69.975900
1.388325
114.018987
58.014525
120.183062
0.754400
32.460313
79.800687
112.543125
24.768200
8.464112
13.531625
25.980213
14.284762
107.396325
7.423050
23.472337
65.752450
22.689875
0.724837
29.269437
47.298675
22.900425
106.685237
13.972812
70.571038
27.762037
40.099650
50.469087
58.059937
47.148800
253.529050
26.008725
4.937700
47.264875
163.417213
12.018325
75.536775
5.099350
82.789337
55.979900
11.285400
54.486750
31.435113
17.907500
54.983950
57.733238
29.119362
35.262725
48.195512
38.896812
163.631475
14.684437
91.808800
8.656950
26.326037
69.372600
21.087400
58.095512
79.994075
82.724500
76.273837
43.474675
114.840937
28.345825
15.691400
56.700437
119.567825
27.744600
29.820400
17.960337
11.777887
37.195437
16.487725
35.121525
117.596500
1.116475
13.450512
27.192650
45.096287
108.683625
16.269637
119.150262
32.004025
40.514387
123.044862
201.738937
36.585012
30.622150
54.272337
13.773537
14.212888
25.972600
107.035588
11.185713
57.636550
26.524225
35.164162
54.748450
90.639850
9.445137
14.391825
17.267725
24.787512
31.096000
60.339588
26.060137
0.001550
2.761475
31.079850
10.222437
33.875338
3.160787
5.878675
20.224587
52.325300
25.397650
0.714037
43.698137
51.370650
36.597275
187.504200
12.956750
26.658862
36.834162
17.992587
3.889250
36.206562
20.462137
97.580462
0.537800
46.754200
37.423613
50.257487
8.277138
9.153263
93.918175
96.319350
19.556125
80.847662
49.651987
45.991700
7.398525
149.238912
7.944237
9.394075
14.369700
1.272925
41.706650
30.320750
29.485162
11.092150
9.892950
26.678187
117.536812
12.808075
3.065975
1.786738
21.465650
69.225500
32.856400
35.642625
2.314925
6.056038
15.652225
1.612825
78.297975
62.218050
29.707575
108.566962
60.973925
18.211362
52.190125
2.672137
31.153825
41.125087
116.978562
41.090512
12.020663
56.197475
16.701750
34.854700
3.242175
194.664288
77.985275
48.992987
82.177588
3.229637
23.042787
13.747825
30.090837
10.405000
78.064125
13.635075
7.095675
20.829138
3.526250
33.428950
29.883412
28.807737
49.831762
77.254213
35.753812
7.577350
67.257900
2.645975
3.343900
11.078737
32.632888
160.031962
2.105125
20.347963
36.822237
52.171500
47.751775
48.764700
110.117887
93.462525
6.104938
54.767125
118.685862
154.961275
219.197625
57.558375
40.773812
46.120663
29.108087
82.421450
16.183837
45.007587
83.355725
13.855550
2.018875
44.326700
26.957700
2.604762
43.159150
6.100150
6.880050
16.211837
11.918738
3.564837
116.334225
13.794787
39.421250
1.871837
3.362275
73.564562
2.355025
85.045325
2.511150
5.307925
48.553087
13.278050
5.905375
29.294787
72.148962
17.720762
75.126850
77.541950
69.087150
82.931162
32.159825
95.804725
29.105937
13.427312
2.552712
59.919488
20.712287
23.955175
1.527800
9.027700
29.939737
53.909475
8.028550
14.929050
32.548738
52.882850
36.791875
76.797575
72.099750
28.096500
29.024513
66.649187
40.689538
16.638212
10.383175
7.880900
40.814012
12.506900
14.692425
16.632775
32.125087
1.293050
43.729350
27.024500
0.930912
159.021850
23.732675
122.276537
65.661388
32.248950
14.882450
34.608638
80.899562
50.875363
56.357450
4.621512
17.814787
23.640100
86.262613
4.372513
7.648475
19.425400
110.357187
57.382775
55.531825
28.577087
29.185163
0.350225
15.920337
3.359212
2.053813
11.837238
16.163375
33.733450
27.306287
17.250775
2.311225
89.132562
0.950137
31.988487
71.631387
6.644325
28.173275
3.260675
54.699375
47.273475
0.532250
33.959650
11.059537
162.426300
35.488137
16.093163
47.174687
90.521237
6.800562
122.773100
20.696812
62.945225
1.665738
9.782062
0.188163
12.204587
3.817775
22.197888
54.333775
59.071175
63.848887
137.188962
15.721800
89.793912
26.559262
19.431850
18.056850
75.096525
30.611900
47.967388
78.461287
12.975675
33.244925
69.496488
1.595562
36.289787
111.094462
61.118087
6.718562
35.141100
5.306387
51.017525
103.483725
58.372912
8.080087
0.089850
11.638237
10.425425
120.464650
49.976912
63.816363
37.753100
72.097037
34.375625
8.640300
23.985637
56.673550
22.501600
30.241775
140.484425
151.468537
46.486100
5.157862
58.253937
99.528475
2.746313
143.051363
102.154125
35.717525
43.388700
23.630412
74.748775
21.113787
52.497100
51.699200
8.205125
13.039000
36.937812
0.488138
32.648500
9.803387
58.415250
59.164662
31.078050
55.637800
16.643725
16.955625
96.617487
2.771700
207.468575
11.387950
14.312537
127.135775
11.289587
24.490975
20.475100
54.786562
21.994562
79.853337
107.938662
22.444075
3.219412
2.085888
59.190662
71.351438
4.883525
30.278562
70.240925
2.264137
133.746025
79.495675
21.117950
5.606387
30.359687
99.487387
86.340875
19.511262
35.086650
23.811050
10.131375
8.971500
11.343462
16.445850
26.701025
19.403987
98.862250
6.833675
23.357225
74.293887
50.631787
28.800437
28.918350
60.435350
33.711537
7.567375
11.795750
112.044362
3.755187
17.616700
25.542562
23.260362
37.571525
13.867600
12.967012
61.417375
24.199712
125.914862
0.000563
73.637687
21.882475
37.686950
17.310212
5.369937
6.965725
6.066650
79.388112
53.878700
72.614037
11.925262
58.496425
202.255975
29.934413
7.023212
22.681875
176.687750
5.649962
112.713087
11.524775
30.001050
46.868137
45.909000
55.450587
40.770713
68.966662
8.735150
17.916375
44.100087
31.944312
102.357525
18.943600
91.402650
101.484200
20.648388
47.117575
38.240462
64.318363
3.078362
86.467800
6.283400
105.567988
62.581938
11.873825
53.228212
33.543625
83.709412
160.483700
155.910438
42.787700
6.656525
41.558937
1.831162
3.184425
135.862850
21.577175
33.424000
4.330687
16.761125
128.580775
16.412562
98.898850
67.895087
7.481225
165.603175
69.014437
7.797575
13.264650
21.882800
26.980750
30.821037
59.816062
10.954250
67.481700
21.112137
10.941850
47.056587
128.443537
123.155900
37.782888
24.476612
15.328150
6.670075
1.267987
122.172612
39.971475
147.529362
34.903863
2.515625
17.336637
13.787638
0.280812
0.246200
9.550363
14.393762
9.775037
39.594962
11.362925
5.659412
29.136200
3.473237
18.622962
2.729013
1.310987
63.312075
29.362912
97.999825
5.854488
31.541763
4.194400
38.570362
88.358187
28.904362
111.240575
6.662087
178.236075
45.433862
35.454400
12.440125
76.225350
9.502525
53.737350
21.244025
10.902675
109.517875
21.357875
91.041900
47.149250
6.533212
19.501637
21.324062
10.790450
43.434850
33.417687
4.597350
47.421800
78.136925
102.424050
11.280800
60.482837
12.171675
4.275238
15.247550
23.523712
3.122787
24.836550
23.381925
28.697550
47.077512
37.582287
49.377338
71.778650
104.867862
28.320275
29.584675
57.340412
157.079462
194.655625
63.420300
32.094075
113.270962
2.427275
11.176287
2.037300
125.727725
45.034300
20.780312
72.833225
27.011775
1.130525
19.749350
12.538312
19.324725
113.592750
13.261675
59.362713
21.102812
20.080200
56.326500
15.273587
83.590662
71.857000
67.850450
73.471963
141.701188
46.183463
18.703762
13.319912
81.367350
29.591050
7.175450
44.313637
11.210400
34.060788
33.110387
8.438750
14.063100
117.874650
120.794962
30.922875
28.635813
14.324337
212.898487
65.932262
49.946762
11.760300
26.058000
2.378850
20.979588
97.253388
4.644875
3.282913
102.943038
20.155850
98.164637
42.886312
25.338237
38.322837
68.740575
1.556850
30.613788
24.860312
13.833375
230.080350
102.111875
45.598237
3.417413
64.531225
5.826887
5.344500
12.310475
15.344987
24.788237
60.031425
31.686050
78.228575
21.226487
2.010075
118.755850
35.314650
74.196650
129.054300
33.542600
14.946700
0.813762
146.563425
1.987650
42.231025
11.240913
159.713012
47.990837
13.953750
87.397875
21.751750
6.227400
80.531163
20.232575
24.242412
17.868375
3.124588
23.675413
139.296837
30.997837
46.925975
52.317837
91.953088
43.001500
0.588000
46.516137
3.185912
156.194800
13.990750
87.712288
2.954950
79.747338
17.201025
90.315012
49.492463
26.266850
49.167887
18.576512
35.363250
1.607150
20.624825
48.562600
52.568150
19.528600
164.525675
47.430375
86.000612
4.561387
12.120812
13.059563
26.447875
27.906300
27.690900
37.354462
61.858450
0.419913
46.944513
129.726637
10.030487
18.482600
28.721000
4.721175
122.689650
12.389088
52.042063
4.204637
28.008163
8.624662
18.158262
65.139962
106.402338
25.968625
129.727250
16.580975
27.853575
6.909537
1.132125
9.528762
18.631487
81.220713
3.457862
7.854787
126.671625
40.863300
2.306188
74.252887
25.841175
59.387587
27.717625
13.689637
60.518388
29.470187
1.665738
10.222250
62.292900
126.619750
4.488975
6.056163
1.552725
34.404412
12.600687
65.161212
21.498812
7.968712
91.627025
13.894350
6.375600
81.635275
68.765150
3.985600
14.984925
6.919587
0.095337
37.372400
3.686250
59.485537
9.501412
43.044275
0.385100
32.542462
33.634237
81.668437
17.786687
37.863450
112.866725
38.159762
4.670700
0.023762
28.190025
21.541213
69.144925
45.195900
8.873925
3.385775
9.545600
1.370213
5.304200
17.019562
149.385350
47.212775
6.743300
159.156100
8.945612
14.375525
29.688662
15.935750
69.901237
22.697138
9.510025
15.929212
57.853550
64.196725
3.042025
49.503850
65.481737
15.713550
27.652950
2.171075
21.257137
63.458137
73.019125
3.115912
0.963575
57.890538
14.207162
88.312487
43.732525
15.005787
17.328712
8.729212
37.924462
9.530950
23.887625
11.137725
63.847550
35.518725
95.433437
109.899150
18.982487
49.222325
10.336863
169.422425
199.538650
24.219487
10.012425
48.680987
31.934275
122.424250
12.172700
34.105575
9.464913
13.308037
24.738950
5.366912
14.948825
7.759350
174.796762
87.586287
54.864487
38.844500
20.866800
111.078350
109.011237
2.988825
0.067437
149.014050
50.433662
89.333200
105.125312
43.761400
26.923987
47.398900
54.914187
16.221462
3.807212
16.276950
54.286300
5.967562
1.760050
33.806025
15.612712
64.153612
0.356737
56.446262
39.954800
39.822375
23.584837
18.880262
56.005975
4.536000
56.865225
27.121887
97.795412
55.184375
5.143262
17.060987
8.767350
13.124750
39.835675
36.923350
182.893125
30.758437
10.369812
1.615787
67.760975
134.490200
17.809200
11.787800
92.775275
23.689687
7.844500
1.481325
2.431237
4.983137
64.738650
8.038925
32.208150
63.188587
7.818650
37.509050
15.554500
85.607750
35.978288
10.321763
64.863175
13.041012
30.654563
24.648887
34.513863
81.440112
1.815362
54.506450
65.981900
168.138050
303.401550
46.771012
16.167787
9.056850
67.452450
22.754812
32.075688
8.496862
0.136750
135.378813
19.949075
1.468187
11.794287
100.640187
25.066700
0.072788
0.000825
0.081100
5.821737
76.598713
52.257925
26.812175
52.167625
25.334362
38.272875
77.160925
20.687712
54.899600
81.724750
4.203300
20.103388
93.686737
25.501587
49.314825
42.019900
31.461887
24.798537
83.714000
38.985850
4.240450
75.752537
27.149187
53.621175
6.513775
50.312875
115.063425
30.674887
214.382587
84.754887
28.402963
39.809863
9.785063
76.644962
67.008687
14.323787
3.060137
154.022475
1.026312
18.047625
35.457175
18.188363
43.332512
6.394087
20.625412
55.656712
13.636675
11.122300
28.807650
6.133100
4.075312
9.779887
93.332637
75.546000
44.987500
60.209562
22.072175
90.607050
25.681137
34.124375
63.424837
69.626975
35.987687
3.867850
225.687487
163.472412
1.493038
37.464800
8.890350
24.134888
1.394787
78.922588
21.462025
60.528200
45.749187
19.596500
24.078112
75.992825
106.981687
56.826375
5.190475
2.062312
87.075775
21.144262
105.497262
9.486313
64.385738
101.531112
161.879575
75.995925
123.932462
25.733350
121.699663
22.829225
143.858875
16.654050
18.712338
18.811625
52.794688
106.341812
76.381000
12.033637
20.520463
10.260663
120.067050
129.121062
34.344675
109.480537
9.343925
71.820725
29.861738
1.760738
23.190450
49.556175
71.549788
26.981188
64.739075
57.557562
69.281037
7.929288
8.899062
15.063825
57.253475
19.671500
6.671500
22.464625
23.129137
7.000212
10.230438
26.828875
31.373062
5.757363
24.687925
50.677437
49.013663
16.309075
16.359662
13.915225
120.183600
6.153962
29.323937
32.350062
86.438788
27.997800
84.835450
0.005600
6.750488
91.738987
29.357400
3.573850
3.750375
17.270187
1.641337
17.870300
6.159312
14.105263
6.437487
40.534875
43.569650
58.054312
22.091625
154.727125
16.499700
6.882437
76.870212
31.236375
151.180088
35.598825
114.462425
18.141637
116.636538
79.345087
27.025237
48.957087
54.439200
12.714750
22.184262
45.068450
28.498375
46.063325
31.421625
165.300412
9.050800
21.750300
22.505075
38.032962
126.459738
11.671950
98.671000
37.862075
16.373275
178.276937
25.327462
40.533513
26.800825
14.984962
43.079587
4.558675
4.737012
43.363637
30.187425
75.621500
46.658600
118.834650
21.116062
21.857575
83.648750
9.874437
7.085962
14.816350
48.544750
18.946775
90.167362
27.257725
39.331437
25.840937
295.683412
31.848800
85.816650
8.477037
26.712825
12.139762
17.485762
11.275800
7.596225
18.377387
145.162025
27.908562
22.096375
49.148862
3.672287
17.871175
9.077575
88.060500
252.837125
53.010287
24.703900
20.051250
56.394350
3.191337
2.481212
79.316913
12.234287
31.727613
3.773175
67.475787
29.125612
4.284187
10.068662
91.687287
70.845212
36.064325
136.008287
23.926800
52.505425
91.869025
139.673037
62.458637
97.046587
175.108375
36.248400
1.337950
55.796525
1.113038
105.728088
11.938300
116.015038
11.922975
6.022687
8.659287
31.441725
76.747950
11.724525
25.272462
95.847638
24.340787
139.935750
43.317625
15.950337
32.368612
80.460812
9.039600
19.334312
12.204475
52.856787
45.495663
77.093425
26.685150
13.857475
27.903637
3.912075
0.000350
20.891700
153.046525
22.891812
12.096237
9.454038
35.383038
3.823325
12.218025
7.540600
22.139950
0.836375
159.010812
4.279700
73.877263
12.002375
35.247912
205.556688
47.809825
6.003637
25.324725
59.025588
107.288500
73.445500
7.702337
25.064013
0.636350
71.158525
87.090163
7.435800
28.135875
70.875362
91.859700
8.409237
137.198287
17.172487
4.155275
35.842950
6.198637
57.844287
32.122425
32.125237
62.935350
83.403687
73.597900
18.759525
42.381025
55.346912
52.677375
26.222675
17.928075
19.311587
74.740813
325.761487
72.402388
4.637687
15.004500
25.848787
16.587900
52.801312
121.094925
15.123962
97.641000
4.601150
67.630087
24.480462
2.998912
225.651750
7.850213
9.281363
29.311050
11.119487
16.768150
23.417525
44.265950
33.782100
7.409275
15.843875
17.537363
16.344875
28.344537
41.372487
21.974463
23.280675
7.857375
10.834162
74.016562
43.772362
124.693987
83.454625
10.153525
37.832788
1.742075
6.510712
6.881312
27.850987
30.454262
92.252212
66.514638
91.691837
32.356750
64.531200
59.861825
14.612425
17.609862
58.374050
12.077650
23.852600
13.809050
2.615813
14.477325
23.778325
5.835038
73.203425
1.264450
33.006925
12.417912
18.098150
11.842600
31.843250
92.222437
26.320575
3.382963
37.509912
28.489838
25.992025
79.423913
23.128863
10.620750
10.997063
31.247912
6.319250
62.052375
32.417387
72.998050
88.469675
19.291888
0.436600
26.725275
33.895337
41.174837
157.178675
68.628275
3.609237
0.791750
5.436550
38.593700
11.473775
6.009450
3.429437
31.171762
57.355400
37.833800
14.122250
10.351375
2.912663
42.438337
24.412787
4.187700
0.133962
5.346100
57.524425
49.584800
44.510500
32.586163
30.181850
94.507137
13.416612
74.711450
20.108850
157.949363
174.708188
90.707825
23.132075
88.441937
36.967462
77.767738
25.528975
261.808500
26.549637
2.301862
123.326137
34.001487
150.833000
11.826875
53.463313
9.341012
110.992187
7.521488
169.666325
0.140325
4.345050
22.521450
0.070625
14.848363
75.265950
37.039425
3.675787
28.206950
37.200375
5.230650
60.225987
65.609437
114.898900
25.376412
66.610687
52.845250
20.764612
37.462938
24.598775
60.012037
26.891612
0.668550
0.006625
6.964525
61.596063
41.149325
36.193388
26.265537
38.890950
3.000400
126.006500
37.544075
7.994900
2.586662
5.972525
28.376125
0.984612
3.356300
4.422950
116.481538
7.773450
30.840937
63.545775
1.198600
218.070600
130.944850
55.280325
43.934137
48.377575
49.608562
65.173388
17.468700
101.579525
149.399275
0.203975
167.903362
77.807275
1.936525
27.630200
11.880313
12.655725
32.163600
43.482437
70.309975
3.602875
27.160675
39.737125
75.522500
5.600250
88.772300
35.893362
69.345188
76.270038
4.833188
30.562825
3.062762
10.024387
4.241712
50.160437
254.664087
12.002987
14.649425
53.717737
69.377637
35.998000
21.531562
33.245650
17.582287
81.563175
88.042350
8.424762
9.336487
34.481575
29.300738
16.273650
16.035712
8.312575
1.985413
4.085437
39.791438
27.906150
16.403250
10.920575
33.272925
