24
23
24
22
29
19
27
14
29
27
30
23
22
21
27
20
28
20
22
16
23
26
28
15
23
21
17
17
25
27
17
21
15
20
21
24
27
30
21
14
21
24
20
23
24
26
16
28
28
29
19
25
20
22
17
25
27
21
29
24
22
33
25
19
19
27
20
24
26
23
15
21
26
20
25
16
30
12
15
25
25
24
31
23
27
26
24
20
24
34
21
18
24
15
16
23
26
28
30
23
22
18
28
26
28
25
25
22
32
22
34
19
23
24
10
27
26
29
17
24
18
13
18
25
22
28
21
15
23
19
28
20
30
15
20
26
24
24
26
18
22
28
22
19
29
26
17
23
22
22
26
21
29
12
27
25
24
23
15
26
28
19
25
24
25
24
27
24
26
23
13
24
26
21
28
33
25
37
20
25
19
24
25
20
16
23
17
21
26
19
36
20
21
26
19
21
15
39
22
19
25
19
25
25
25
25
19
18
27
14
27
23
28
25
27
20
24
26
22
22
22
22
19
25
27
20
25
20
23
20
23
24
25
10
22
22
14
24
25
26
28
19
13
20
25
26
22
19
23
15
20
19
31
19
26
19
24
26
21
27
20
23
19
32
28
22
19
29
29
19
30
26
31
20
29
19
27
25
18
28
24
28
26
23
19
23
16
24
19
25
19
27
29
28
17
22
17
28
32
27
19
27
25
14
19
22
16
28
26
26
28
18
23
22
28
25
23
16
19
26
24
27
17
19
21
30
30
18
21
30
22
25
29
17
31
22
26
17
17
25
23
19
23
15
21
22
35
22
21
20
24
25
18
25
15
25
28
21
24
28
15
24
22
22
19
28
20
19
26
30
22
25
21
30
24
24
14
20
24
24
23
34
23
29
21
29
27
20
26
15
23
23
34
26
32
16
23
26
24
23
