-30,20.0,0.0010,
-29,22.4,0.0013,
-28,25.2,0.0016,
-27,28.3,0.0020,
-26,31.7,0.0025,
-25,35.6,0.0032,
-24,39.9,0.0040,
-23,44.8,0.0050,
-22,50.2,0.0063,
-21,56.4,0.0079,
-20,63.2,0.0100,
-19,71.0,0.0126,
-18,79.6,0.0158,
-17,89.3,0.0200,
-16,100,0.0251
-15,112,0.0316
-14,126,0.0398
-13,142,0.0501
-12,159,0.0631
-11,178,0.0794
-10,200,0.100,
-9,224,0.126,
-8,252,0.158,
-7,283,0.200,
-6,317,0.251,
-5,356,0.316,
-4,399,0.398,
-3,448,0.501,
-2,502,0.631,
-1,564,0.794,
0,632,1.00,30,
1,710,1.26,31,
2,796,1.58,32,
3,893,2.00,33,